6 
27 
11 
-26 
88 
-47 
-73 
-73 
89 
89 
-17 
51 
62 
8 
-16 
-48 
11 
-90 
-39 
-90 
2 
-63 
78 
-48 
-29 
75 
-80 
-43 
-36 
96 
29 
-2 
23 
48 
23 
30 
-24 
25 
94 
23 
63 
84 
-79 
32 
77 
57 
34 
-69 
85 
-88 
-12 
-74 
1 
39 
-79 
43 
-98 
81 
-41 
20 
-33 
20 
-53 
81 
-8 
43 
-8 
-17 
59 
10 
-4 
56 
52 
70 
46 
57 
94 
-7 
98 
56 
69 
16 
-75 
91 
-79 
-43 
-1 
-59 
-46 
-62 
67 
90 
-88 
-99 
-49 
71 
-81 
77 
3 
-36 
-46 
27 
89 
19 
-36 
58 
-30 
-57 
-67 
-45 
-17 
-39 
-14 
-79 
-9 
48 
7 
-30 
-95 
-26 
-48 
-78 
47 
69 
40 
-65 
-93 
17 
37 
9 
96 
-79 
16 
-58 
59 
-76 
62 
-20 
89 
-97 
6 
-15 
-7 
68 
90 
70 
16 
-12 
-51 
0 
-66 
-80 
-67 
5 
-41 
11 
16 
24 
81 
-42 
-46 
-2 
48 
58 
-15 
51 
47 
-87 
53 
96 
-39 
63 
-13 
-3 
35 
85 
8 
-53 
92 
-64 
4 
-32 
-91 
47 
-70 
9 
-73 
4 
2 
33 
12 
-44 
19 
-13 
26 
-59 
51 
11 
27 
70 
-20 
35 
-9 
88 
85 
-10 
56 
-33 
97 
-32 
93 
77 
-25 
-92 
64 
0 
-35 
10 
-16 
-61 
73 
-48 
-47 
-17 
-15 
-1 
-72 
-37 
-52 
72 
63 
-62 
-96 
3 
93 
-2 
-6 
54 
-10 
41 
-5 
-51 
-27 
95 
31 
-46 
-6 
14 
27 
8 
-9 
70 
-26 
44 
-68 
-23 
1 
-73 
84 
-66 
-7 
2 
16 
-16 
57 
-97 
94 
53 
41 
59 
18 
-6 
-20 
58 
-46 
89 
-95 
10 
71 
-3 
-11 
41 
46 
-51 
-72 
85 
97 
83 
-77 
65 
47 
-12 
-86 
-87 
61 
55 
-6 
-98 
-60 
-74 
88 
78 
-13 
-19 
7 
-6 
21 
-4 
-46 
33 
-62 
98 
-72 
-11 
83 
-58 
0 
18 
69 
-63 
69 
-53 
41 
26 
0 
42 
77 
-15 
-2 
52 
-62 
-37 
17 
49 
-76 
3 
20 
-9 
-36 
89 
60 
-32 
-70 
3 
-99 
-80 
24 
96 
-84 
92 
12 
-96 
-30 
-21 
-6 
-11 
57 
-12 
-22 
3 
-93 
88 
-2 
55 
45 
80 
38 
-2 
68 
-36 
12 
97 
-96 
-17 
-37 
-31 
75 
4 
-10 
19 
-15 
-7 
55 
40 
-63 
73 
-54 
-90 
52 
27 
15 
4 
-69 
67 
45 
86 
-22 
-24 
-41 
94 
75 
62 
-71 
59 
-99 
-81 
57 
-14 
-33 
74 
-45 
-38 
80 
33 
24 
22 
-32 
57 
11 
-93 
-10 
-65 
56 
-78 
68 
0 
49 
-15 
-21 
43 
98 
84 
8 
-94 
-79 
8 
-83 
70 
34 
-32 
-68 
-23 
32 
-96 
-28 
-21 
97 
-50 
91 
-8 
-82 
78 
55 
65 
33 
-90 
-99 
-25 
6 
-60 
-97 
13 
-75 
54 
15 
-14 
-52 
9 
48 
-30 
29 
-31 
46 
-97 
29 
-78 
-73 
-31 
-34 
-45 
-88 
27 
-93 
-8 
-46 
-60 
-41 
-8 
16 
48 
83 
-79 
-86 
-41 
6 
56 
20 
-66 
-81 
-67 
-35 
58 
-51 
-21 
68 
40 
37 
77 
-94 
-40 
79 
3 
26 
18 
-24 
-90 
-92 
0 
65 
35 
-92 
51 
-96 
68 
-67 
50 
51 
-2 
-17 
-96 
1 
-81 
82 
-18 
-71 
-65 
-13 
5 
-68 
47 
74 
99 
41 
-72 
-4 
23 
6 
91 
30 
48 
76 
99 
18 
17 
-99 
-39 
2 
-38 
-33 
-34 
85 
-63 
-31 
-82 
0 
10 
86 
31 
-50 
-34 
51 
-11 
66 
-86 
-98 
86 
-13 
16 
92 
19 
28 
-98 
68 
-21 
-11 
3 
-37 
-65 
89 
68 
-39 
-43 
-13 
17 
-48 
89 
-3 
91 
62 
-80 
-23 
-58 
96 
-47 
-79 
-64 
68 
-26 
-39 
91 
-88 
-85 
-93 
54 
74 
-63 
6 
-4 
-85 
89 
-67 
-66 
35 
-83 
94 
-15 
15 
-27 
-73 
-51 
-8 
-41 
60 
68 
-96 
81 
92 
82 
-88 
-72 
-98 
79 
58 
-24 
-1 
-46 
-22 
-91 
22 
-12 
-86 
-85 
69 
-80 
80 
0 
-5 
-4 
95 
-84 
58 
39 
61 
-87 
73 
88 
65 
-59 
-85 
-92 
-55 
-46 
-96 
74 
18 
-45 
5 
36 
25 
-98 
-89 
-65 
88 
-95 
89 
7 
-17 
98 
74 
-85 
-47 
34 
90 
-38 
0 
67 
32 
18 
0 
54 
-45 
67 
-18 
-8 
74 
-8 
-54 
-6 
43 
-20 
-36 
98 
-18 
-94 
91 
93 
-47 
23 
-65 
91 
18 
58 
3 
-63 
77 
74 
-96 
-81 
97 
-97 
97 
-22 
-60 
55 
8 
-28 
95 
53 
-31 
65 
39 
-88 
79 
-62 
-47 
81 
-78 
47 
-67 
-28 
-1 
-4 
85 
53 
87 
-27 
77 
3 
-84 
3 
46 
-26 
-96 
4 
68 
14 
91 
10 
35 
9 
-16 
-57 
-26 
-67 
90 
-93 
-37 
83 
30 
48 
-88 
47 
0 
-99 
-81 
90 
42 
87 
-90 
90 
-29 
0 
88 
-78 
72 
-95 
-7 
-49 
-26 
64 
-90 
-21 
97 
-90 
29 
-69 
37 
-84 
29 
-87 
97 
51 
-70 
-2 
-88 
53 
-99 
-11 
-35 
39 
-70 
52 
-77 
98 
-33 
-93 
89 
-66 
-84 
-79 
-80 
19 
-39 
-55 
-98 
-36 
43 
-52 
31 
63 
-80 
-63 
-78 
25 
19 
-45 
77 
-11 
19 
54 
5 
-18 
-78 
97 
-37 
-26 
76 
-10 
-4 
-74 
-91 
-24 
18 
-56 
88 
94 
44 
-36 
16 
-26 
-47 
3 
-77 
-95 
-27 
36 
-58 
20 
-49 
-75 
-73 
26 
58 
-88 
-23 
-26 
-46 
-3 
-38 
97 
91 
24 
-68 
-20 
-72 
78 
-36 
18 
10 
4 
-14 
-39 
82 
-12 
47 
67 
81 
-53 
0 
20 
-98 
-57 
-86 
8 
36 
70 
42 
-70 
-26 
-48 
-13 
72 
-17 
17 
-32 
-26 
60 
-98 
25 
-94 
-62 
25 
92 
-90 
24 
-93 
-95 
-9 
5 
33 
15 
-95 
-64 
-88 
-27 
52 
-56 
-95 
-73 
-71 
-16 
-36 
-32 
66 
-32 
-62 
89 
65 
-42 
-5 
14 
60 
45 
64 
-52 
91 
-56 
-84 
53 
32 
-54 
-18 
-75 
-27 
-62 
-7 
-81 
18 
29 
80 
-79 
-27 
84 
61 
93 
12 
28 
15 
76 
-60 
-81 
98 
94 
46 
-87 
19 
-70 
57 
23 
-89 
