-26 
-10 
-39 
-23 
49 
40 
95 
-86 
-4 
1 
-58 
81 
73 
78 
-37 
48 
84 
59 
24 
63 
-19 
-60 
-57 
-49 
80 
98 
-49 
-60 
-6 
1 
-21 
69 
29 
-76 
-67 
-13 
84 
-36 
41 
-32 
91 
-56 
57 
73 
39 
99 
-2 
-47 
-93 
4 
20 
-68 
-90 
42 
-23 
93 
99 
16 
74 
82 
65 
-5 
52 
-41 
40 
-93 
3 
93 
33 
0 
-67 
-23 
-37 
-4 
58 
-72 
12 
12 
-10 
-48 
40 
72 
25 
-73 
-15 
-72 
96 
-90 
-90 
21 
18 
-57 
82 
-43 
-20 
-69 
35 
-92 
-73 
80 
-21 
89 
-97 
63 
-37 
19 
49 
-87 
74 
-80 
48 
-31 
-52 
-84 
88 
46 
-91 
-41 
-83 
16 
53 
-41 
20 
89 
-70 
2 
70 
52 
-14 
-89 
-67 
36 
35 
-93 
4 
30 
-22 
81 
-54 
53 
-98 
78 
-99 
5 
9 
60 
61 
97 
80 
-92 
-2 
-81 
0 
-21 
-72 
32 
9 
55 
0 
-14 
33 
-55 
87 
38 
-10 
-31 
-39 
8 
-84 
88 
-10 
78 
65 
-81 
27 
13 
51 
32 
-55 
-62 
-50 
43 
25 
-78 
-47 
63 
-71 
55 
-3 
56 
0 
33 
-87 
-48 
95 
-35 
44 
-39 
37 
31 
23 
-1 
-44 
-80 
-21 
-87 
-25 
-21 
17 
-94 
90 
-62 
9 
16 
-63 
14 
74 
-46 
-44 
63 
48 
50 
37 
81 
40 
-85 
78 
54 
13 
82 
69 
19 
85 
-75 
-85 
-46 
32 
-15 
40 
-15 
-63 
-3 
-67 
2 
31 
11 
33 
-77 
-88 
-86 
-91 
44 
85 
87 
0 
6 
-56 
26 
33 
-58 
-77 
-94 
61 
-99 
90 
15 
-37 
-31 
-99 
40 
81 
57 
-37 
-21 
40 
-38 
36 
-24 
72 
6 
13 
80 
11 
-54 
42 
-82 
35 
69 
-33 
37 
-87 
69 
-29 
-72 
13 
64 
-94 
59 
-43 
34 
-84 
-61 
26 
-98 
84 
-66 
-9 
53 
10 
-37 
77 
-9 
-63 
55 
23 
49 
-8 
-52 
9 
89 
71 
-23 
1 
-82 
24 
2 
0 
16 
62 
57 
-58 
41 
-15 
-10 
-33 
-20 
-15 
-36 
-92 
43 
-91 
-49 
-73 
15 
0 
-27 
-13 
-60 
-53 
-74 
-82 
-11 
25 
-11 
-73 
-93 
70 
-36 
-55 
-4 
71 
78 
-13 
48 
11 
-37 
29 
61 
-28 
58 
81 
36 
-3 
-79 
26 
-21 
-85 
18 
-1 
-49 
53 
-18 
71 
1 
-33 
20 
72 
-71 
46 
87 
-44 
-57 
-88 
8 
66 
-70 
92 
-91 
-73 
-89 
56 
25 
88 
25 
94 
2 
63 
9 
12 
1 
64 
-81 
-45 
-51 
39 
97 
84 
-1 
-78 
25 
-9 
-40 
-20 
-86 
0 
88 
10 
-44 
-7 
-59 
61 
7 
77 
-84 
-13 
-73 
-64 
-3 
-72 
-66 
-3 
82 
-4 
-13 
50 
23 
-51 
26 
-87 
-9 
58 
85 
-55 
-81 
40 
53 
-85 
73 
5 
80 
54 
55 
-57 
-36 
-80 
-26 
-23 
1 
-2 
50 
40 
58 
-54 
98 
-25 
-66 
28 
-64 
54 
95 
5 
-94 
-95 
67 
13 
26 
45 
97 
7 
-13 
20 
58 
-88 
-80 
-19 
-78 
-29 
23 
46 
88 
44 
18 
-11 
-51 
-35 
-21 
92 
78 
83 
76 
-21 
-40 
-75 
-69 
-33 
84 
-57 
70 
46 
-23 
47 
-9 
83 
21 
-29 
6 
-1 
-84 
-53 
-89 
73 
-80 
-46 
9 
99 
0 
-51 
38 
80 
-27 
75 
91 
-42 
80 
6 
54 
23 
-37 
16 
88 
88 
81 
43 
87 
16 
53 
82 
61 
94 
33 
-35 
-10 
-85 
45 
-50 
85 
-35 
-36 
91 
73 
11 
55 
-82 
-34 
-40 
8 
92 
81 
-81 
40 
76 
15 
61 
38 
74 
79 
-46 
-28 
-53 
-50 
-80 
10 
30 
88 
75 
32 
72 
28 
-7 
-11 
41 
-86 
57 
43 
53 
18 
-25 
66 
71 
26 
37 
-96 
55 
52 
-56 
99 
1 
69 
-74 
44 
-39 
10 
-63 
19 
84 
65 
-20 
12 
10 
89 
-89 
-24 
10 
-67 
50 
-94 
53 
-97 
77 
-88 
-93 
44 
81 
-48 
-17 
-2 
-18 
74 
54 
-16 
67 
-37 
75 
-53 
20 
18 
-80 
82 
-74 
67 
-99 
88 
18 
58 
74 
-78 
-38 
-19 
32 
5 
-54 
34 
45 
-74 
-83 
-76 
98 
-17 
37 
45 
6 
25 
65 
-78 
-36 
3 
79 
-50 
23 
10 
13 
81 
12 
-21 
-52 
78 
19 
93 
-21 
80 
-12 
-1 
92 
-3 
-93 
-40 
88 
26 
-53 
99 
-30 
-71 
-88 
-74 
17 
-8 
-72 
-54 
97 
25 
93 
-83 
-37 
-90 
-52 
73 
-74 
98 
-33 
85 
81 
-59 
-95 
3 
23 
29 
-31 
82 
-58 
90 
-76 
95 
-94 
-29 
24 
-84 
73 
-2 
-91 
-39 
-75 
-86 
-67 
24 
-86 
-79 
37 
21 
92 
54 
16 
-82 
69 
45 
-42 
-99 
31 
-86 
-59 
82 
37 
86 
-75 
45 
64 
-80 
-37 
-82 
-25 
31 
9 
-12 
-39 
66 
-37 
26 
-2 
43 
-97 
78 
-96 
48 
80 
-74 
17 
-58 
95 
-82 
12 
90 
2 
25 
-89 
-86 
96 
-27 
-79 
8 
-94 
77 
74 
45 
-74 
27 
78 
12 
-51 
-87 
-45 
-95 
72 
-96 
-46 
81 
29 
89 
58 
42 
10 
-76 
-29 
52 
-13 
-42 
-1 
18 
-18 
-94 
8 
64 
79 
-47 
35 
-8 
-32 
-28 
-73 
30 
53 
98 
-76 
-98 
74 
6 
-90 
-31 
-16 
-24 
2 
35 
-65 
-68 
-99 
11 
-90 
-56 
32 
-14 
40 
31 
-56 
36 
-19 
13 
80 
22 
0 
-32 
-72 
-44 
-61 
-89 
-60 
-90 
55 
15 
78 
-74 
-74 
28 
-53 
80 
33 
-50 
75 
87 
94 
19 
81 
67 
-94 
52 
89 
23 
98 
-13 
-78 
98 
78 
10 
-13 
-42 
69 
-32 
76 
-43 
13 
47 
45 
-30 
9 
-48 
-3 
76 
-72 
-55 
59 
-15 
-44 
69 
14 
55 
-1 
50 
47 
-1 
3 
-66 
-55 
-9 
-6 
-75 
94 
-12 
45 
-9 
65 
-99 
34 
53 
51 
-41 
31 
-25 
99 
67 
17 
-77 
-10 
28 
20 
-13 
86 
99 
-5 
43 
86 
92 
-8 
85 
28 
65 
-74 
97 
43 
-90 
-72 
-41 
50 
85 
52 
-65 
68 
-54 
-87 
-5 
91 
-48 
54 
-15 
-50 
-81 
-46 
-52 
-2 
-16 
95 
20 
-41 
70 
