3 
74 
-81 
82 
-24 
-54 
46 
-17 
70 
90 
-98 
-65 
82 
-94 
1 
-44 
-99 
-10 
-58 
45 
-70 
-57 
-11 
-40 
-29 
-17 
46 
5 
61 
-52 
-45 
-65 
90 
-2 
-77 
44 
75 
-41 
-31 
87 
-57 
5 
83 
20 
70 
2 
84 
59 
63 
-74 
-2 
-54 
-41 
67 
67 
-80 
-86 
17 
47 
51 
-59 
-91 
53 
32 
-13 
33 
-86 
-63 
-87 
52 
51 
-36 
-4 
88 
-52 
-98 
-38 
-20 
-99 
-66 
70 
53 
9 
-35 
75 
-7 
71 
-85 
-63 
43 
62 
-70 
40 
-68 
23 
13 
68 
8 
98 
59 
91 
93 
-9 
-40 
53 
25 
29 
51 
-37 
94 
44 
-94 
-99 
-37 
-63 
14 
93 
-68 
-38 
-80 
16 
-98 
86 
11 
86 
-29 
-63 
7 
-13 
-94 
43 
10 
96 
-90 
90 
-34 
-44 
-60 
-27 
90 
67 
63 
22 
-28 
92 
-29 
41 
3 
-10 
-83 
2 
43 
66 
-77 
14 
54 
-57 
2 
44 
-13 
-63 
-60 
63 
71 
-9 
45 
-60 
44 
81 
-9 
-66 
50 
99 
0 
99 
-85 
64 
-95 
51 
-50 
-72 
1 
-61 
94 
83 
-37 
-78 
-8 
20 
-88 
61 
-36 
-31 
-6 
-10 
-73 
-12 
-47 
95 
-26 
93 
27 
41 
36 
-14 
16 
40 
65 
27 
-95 
-66 
-93 
11 
81 
27 
-14 
67 
-14 
29 
85 
77 
93 
43 
1 
41 
48 
38 
-82 
4 
-94 
19 
15 
20 
39 
67 
-4 
51 
36 
-27 
14 
32 
-94 
-79 
82 
-86 
16 
-46 
29 
3 
-26 
-14 
42 
-14 
42 
3 
55 
30 
77 
-32 
4 
74 
-23 
-46 
11 
-48 
-1 
-35 
86 
-48 
49 
-69 
90 
19 
0 
-5 
85 
-94 
32 
-94 
-4 
5 
61 
-65 
-55 
51 
-26 
-14 
-59 
81 
82 
23 
66 
37 
-76 
51 
-59 
9 
-12 
61 
-60 
34 
-39 
-75 
-73 
53 
91 
27 
62 
25 
96 
-6 
85 
-10 
-64 
-37 
15 
1 
-93 
-7 
80 
87 
55 
63 
-36 
23 
2 
2 
10 
-71 
-45 
-57 
39 
75 
-17 
-18 
-98 
-89 
54 
-52 
23 
98 
-78 
-6 
93 
86 
-60 
12 
-52 
97 
52 
9 
83 
-36 
78 
51 
-31 
10 
72 
56 
-13 
25 
-16 
76 
-37 
-44 
13 
68 
25 
52 
-4 
83 
11 
-20 
-61 
63 
-69 
-92 
-79 
35 
40 
-77 
0 
9 
22 
56 
-33 
-28 
-40 
64 
61 
-71 
54 
85 
95 
-9 
-61 
-81 
92 
53 
-39 
-82 
-53 
14 
-41 
-79 
34 
-87 
4 
27 
60 
58 
-98 
-53 
43 
-68 
26 
-98 
93 
5 
49 
-68 
44 
-12 
-87 
-76 
-57 
30 
15 
50 
-72 
18 
50 
71 
-18 
-55 
-63 
-59 
-79 
-31 
-27 
0 
-15 
-15 
84 
-88 
28 
-28 
43 
-18 
47 
70 
-63 
53 
68 
15 
99 
-66 
22 
-95 
68 
-9 
-84 
98 
62 
-65 
36 
-56 
29 
-22 
13 
-38 
64 
-30 
29 
77 
14 
-45 
87 
-99 
94 
98 
29 
-29 
-96 
-41 
38 
-23 
81 
18 
-36 
81 
50 
98 
13 
-35 
81 
-56 
91 
24 
33 
99 
-43 
-42 
-63 
-8 
15 
59 
69 
63 
-67 
83 
71 
29 
16 
-38 
-98 
-5 
0 
-76 
6 
-66 
-52 
51 
-9 
0 
28 
18 
53 
21 
-55 
-32 
47 
-72 
77 
52 
-40 
10 
-27 
-58 
-48 
-90 
49 
-31 
29 
53 
-55 
7 
-95 
-99 
-17 
29 
-9 
-87 
-29 
-24 
-55 
-68 
-1 
82 
-94 
61 
15 
39 
37 
54 
-25 
-6 
-68 
-61 
-10 
-27 
-3 
17 
67 
59 
11 
56 
15 
-21 
5 
-4 
-82 
-61 
18 
-22 
30 
-69 
93 
-28 
-33 
-6 
-2 
-56 
-93 
-89 
90 
-64 
-4 
19 
-83 
-43 
81 
-6 
-76 
57 
-99 
95 
31 
98 
51 
-34 
51 
61 
-60 
-72 
63 
57 
-37 
-96 
-63 
45 
20 
72 
-58 
-94 
-69 
94 
-85 
-37 
-81 
-32 
-41 
45 
90 
-83 
67 
61 
-8 
23 
87 
-80 
63 
79 
-69 
-24 
70 
-85 
39 
-98 
-49 
71 
-54 
15 
14 
56 
83 
69 
-20 
-1 
-70 
-76 
19 
-76 
-65 
-81 
17 
-46 
13 
-92 
-92 
-23 
9 
95 
-29 
82 
55 
61 
81 
-54 
-84 
69 
-8 
15 
-8 
33 
-68 
-4 
-77 
-78 
44 
58 
42 
-31 
14 
47 
46 
82 
-62 
-91 
32 
83 
-58 
-26 
-66 
99 
34 
-21 
-14 
-97 
13 
52 
74 
90 
82 
85 
-25 
42 
99 
-1 
40 
-65 
-29 
51 
-10 
-41 
-49 
-36 
-74 
-52 
4 
2 
-83 
31 
-79 
42 
66 
56 
13 
-2 
73 
-19 
-72 
68 
80 
45 
-37 
-7 
44 
61 
0 
22 
43 
-2 
-95 
45 
71 
-4 
-68 
-37 
9 
-86 
-13 
51 
11 
17 
92 
-32 
13 
-46 
16 
73 
-71 
-88 
86 
-47 
26 
42 
-77 
12 
-42 
28 
-27 
-68 
-34 
-47 
16 
-80 
11 
62 
17 
-55 
-7 
-30 
91 
33 
29 
-74 
-50 
-77 
-79 
-41 
65 
30 
-4 
5 
-20 
62 
55 
33 
8 
-87 
-20 
75 
-6 
-63 
63 
-68 
-76 
26 
96 
12 
49 
86 
-12 
71 
37 
-12 
-61 
75 
90 
3 
23 
-29 
-99 
-43 
-6 
14 
77 
-84 
-67 
-39 
1 
7 
-87 
78 
-62 
-1 
-32 
-7 
-43 
93 
45 
26 
10 
-13 
34 
-75 
29 
5 
42 
90 
81 
-58 
13 
1 
-32 
-94 
-2 
89 
10 
-27 
73 
-90 
-79 
81 
63 
-46 
-3 
-11 
-51 
-30 
-14 
12 
-94 
-80 
-1 
48 
-95 
-41 
-27 
36 
-19 
-45 
52 
-26 
13 
-87 
27 
-86 
-75 
21 
68 
89 
-18 
64 
-52 
-84 
-16 
-65 
-4 
1 
-52 
-27 
-22 
-27 
26 
-22 
-31 
-74 
27 
42 
27 
71 
40 
-10 
79 
0 
99 
-75 
-74 
98 
-20 
-94 
7 
-73 
-34 
79 
-5 
-94 
22 
98 
-87 
30 
65 
15 
-54 
53 
38 
-9 
-57 
-81 
-19 
-57 
2 
18 
16 
-48 
-21 
-83 
-32 
-65 
71 
-94 
87 
-36 
34 
-16 
0 
95 
31 
11 
31 
-92 
70 
50 
87 
-32 
31 
38 
49 
-5 
-12 
-95 
-91 
-93 
-97 
-38 
8 
22 
99 
95 
32 
51 
-49 
0 
7 
-39 
4 
10 
-50 
