68 
-37 
10 
-48 
70 
19 
18 
-23 
-94 
39 
-13 
75 
-54 
-61 
82 
17 
67 
56 
-69 
-69 
-74 
-83 
-13 
-21 
-45 
-47 
80 
-76 
-35 
75 
0 
43 
0 
-49 
61 
20 
-7 
-39 
0 
-37 
-6 
-11 
94 
55 
-66 
-73 
35 
-47 
-21 
-88 
82 
99 
-22 
-72 
25 
-35 
-59 
63 
85 
58 
-27 
-53 
14 
60 
46 
70 
82 
23 
-25 
-96 
81 
74 
-22 
-33 
-41 
-92 
-13 
81 
-28 
-13 
-55 
-32 
-65 
-99 
-78 
-48 
-78 
-89 
75 
-21 
-80 
-29 
66 
50 
53 
29 
-22 
-39 
26 
28 
-51 
60 
-82 
-28 
62 
96 
-77 
22 
-8 
21 
-64 
-13 
95 
-55 
-9 
-60 
-65 
29 
-96 
36 
-62 
38 
-97 
27 
-90 
43 
-34 
-9 
48 
42 
7 
45 
68 
-70 
17 
22 
-66 
87 
-19 
39 
97 
8 
82 
31 
-13 
76 
86 
-81 
86 
-28 
88 
58 
24 
6 
22 
-27 
58 
-99 
37 
-62 
-9 
-45 
-64 
4 
4 
-29 
63 
37 
-56 
-44 
12 
-86 
-95 
13 
50 
-16 
-18 
-5 
-98 
4 
-25 
38 
-68 
47 
-22 
21 
-38 
14 
-63 
-72 
-65 
-22 
-89 
-6 
0 
25 
-26 
18 
82 
56 
-33 
-97 
72 
4 
-7 
-35 
-25 
-78 
16 
11 
85 
44 
58 
-86 
-30 
-57 
-99 
55 
80 
-71 
-1 
40 
-58 
63 
-18 
13 
38 
-70 
40 
74 
-90 
34 
96 
-43 
75 
63 
-7 
4 
72 
78 
-16 
-94 
-80 
-52 
-95 
64 
-82 
56 
81 
-31 
1 
-78 
-88 
-83 
-50 
44 
28 
-17 
-49 
14 
-82 
6 
62 
66 
-85 
-13 
-81 
7 
-10 
98 
25 
-53 
-51 
25 
-84 
-16 
-83 
82 
-23 
-72 
4 
8 
92 
-42 
-10 
-36 
-54 
5 
80 
-47 
73 
74 
84 
52 
7 
82 
46 
-54 
-15 
94 
-59 
-57 
0 
15 
-11 
-10 
2 
53 
-55 
-95 
15 
90 
-35 
-25 
0 
-52 
-37 
26 
-28 
-65 
12 
-71 
-20 
-56 
-46 
69 
-1 
46 
-21 
-17 
-88 
67 
11 
-59 
-75 
-4 
-73 
-35 
91 
35 
5 
-11 
28 
-18 
81 
-89 
31 
17 
-75 
46 
53 
27 
-71 
-90 
-50 
-46 
14 
45 
64 
86 
24 
-53 
-24 
-15 
45 
55 
-15 
-79 
74 
-46 
35 
-64 
82 
-18 
-54 
-69 
79 
57 
34 
29 
-20 
-19 
-55 
-73 
-87 
63 
-14 
-45 
33 
-19 
87 
21 
-8 
84 
-99 
-60 
-62 
44 
0 
33 
54 
20 
-87 
-30 
-29 
88 
-77 
1 
-37 
33 
87 
-28 
72 
-98 
85 
97 
-63 
-69 
8 
-46 
61 
-60 
1 
-12 
-88 
-8 
21 
55 
47 
47 
27 
2 
-32 
43 
76 
99 
55 
-68 
-55 
85 
-19 
40 
-29 
20 
-22 
-82 
32 
-96 
-80 
34 
77 
81 
21 
-53 
23 
-28 
13 
-10 
-77 
-58 
19 
-76 
-9 
38 
-43 
-96 
46 
54 
-40 
-90 
34 
-60 
-42 
-65 
31 
51 
25 
30 
-2 
-6 
-25 
-81 
46 
13 
57 
27 
88 
59 
-4 
-93 
55 
74 
23 
-93 
71 
5 
-31 
58 
-28 
41 
15 
-72 
-1 
1 
-7 
-69 
-28 
92 
71 
83 
-80 
-89 
-4 
94 
16 
-73 
31 
0 
-66 
-82 
-86 
11 
66 
82 
-67 
95 
-45 
-30 
25 
-97 
52 
-21 
-39 
-14 
67 
-68 
-48 
-91 
-77 
21 
-92 
-36 
-94 
-99 
0 
-31 
72 
77 
61 
45 
17 
-30 
-75 
-29 
46 
-21 
-4 
17 
27 
-98 
66 
-64 
-80 
-31 
-80 
22 
-85 
8 
-82 
2 
-52 
-29 
67 
-48 
74 
22 
0 
65 
55 
23 
81 
-44 
46 
-25 
19 
40 
7 
-86 
49 
-67 
-96 
-85 
-52 
-64 
-50 
63 
-50 
34 
16 
-90 
51 
-76 
-55 
-28 
-95 
94 
-55 
8 
-64 
-16 
-21 
-4 
-92 
68 
-54 
66 
-72 
19 
74 
-90 
-28 
89 
-79 
-28 
-24 
92 
30 
68 
-90 
-7 
80 
-85 
63 
-69 
-86 
2 
-50 
-84 
-29 
-96 
-48 
-43 
-10 
-99 
76 
-32 
-38 
77 
84 
-16 
-56 
56 
45 
80 
61 
56 
-59 
25 
-49 
-72 
-20 
-59 
52 
74 
68 
-10 
-41 
14 
-69 
-43 
-73 
-33 
95 
-96 
-20 
9 
-26 
-98 
7 
6 
-49 
35 
-23 
-81 
84 
25 
35 
94 
-83 
-94 
67 
8 
-24 
-94 
48 
-75 
-44 
-19 
53 
21 
-10 
99 
46 
70 
-84 
2 
-59 
41 
-80 
55 
8 
72 
-35 
81 
-30 
-10 
-87 
-24 
94 
-27 
4 
78 
-75 
58 
26 
-13 
33 
-85 
-74 
38 
-34 
49 
87 
25 
68 
29 
-20 
-10 
67 
-48 
6 
5 
62 
-19 
8 
-72 
15 
54 
30 
68 
0 
4 
69 
-64 
70 
41 
-42 
-76 
-20 
90 
74 
-43 
29 
-42 
-87 
60 
-28 
59 
-28 
55 
-91 
-71 
-28 
-50 
-33 
-10 
14 
-44 
-43 
10 
-49 
-34 
14 
-72 
-6 
-45 
3 
-30 
93 
63 
50 
-78 
-96 
-8 
84 
84 
25 
39 
93 
-23 
-13 
-97 
-72 
-46 
64 
-17 
-90 
71 
31 
43 
-14 
-21 
35 
75 
96 
41 
-96 
88 
-15 
10 
36 
83 
-1 
41 
-27 
-76 
33 
-20 
-88 
35 
99 
-16 
85 
10 
52 
-39 
-92 
-93 
-46 
74 
-48 
-76 
76 
35 
-32 
-53 
-73 
-66 
99 
-94 
58 
-58 
10 
43 
50 
39 
13 
68 
-15 
-51 
2 
75 
2 
-18 
57 
23 
-80 
69 
99 
65 
-77 
-92 
-15 
-48 
72 
76 
4 
5 
-31 
-87 
-42 
80 
48 
-86 
-23 
74 
31 
-38 
59 
6 
9 
-74 
73 
28 
-34 
45 
5 
-40 
34 
-42 
64 
-74 
-33 
13 
4 
-45 
-62 
-78 
40 
-51 
68 
84 
-58 
-13 
80 
24 
96 
38 
3 
87 
-90 
-26 
50 
-7 
64 
-94 
-12 
66 
91 
63 
77 
98 
29 
-47 
-47 
49 
13 
9 
86 
49 
77 
81 
-85 
-56 
-62 
-98 
-27 
-99 
43 
-91 
30 
31 
7 
80 
-83 
54 
34 
51 
-25 
42 
-84 
-62 
94 
42 
17 
31 
-54 
31 
3 
-67 
49 
73 
94 
42 
3 
0 
-67 
14 
19 
-84 
76 
-87 
-89 
-51 
43 
-66 
-10 
-10 
-6 
20 
-70 
98 
48 
34 
57 
91 
41 
-41 
7 
-78 
