21 
-50 
77 
5 
-98 
81 
86 
1 
-78 
-7 
11 
-85 
17 
-50 
-78 
23 
17 
-43 
68 
83 
-31 
88 
-32 
-27 
-66 
-36 
78 
28 
-86 
96 
72 
-85 
4 
-94 
80 
69 
-80 
79 
87 
92 
-30 
-79 
-8 
-78 
2 
40 
-46 
73 
-57 
-80 
46 
-87 
40 
-26 
-57 
-98 
33 
-42 
-9 
-69 
-52 
-66 
87 
16 
-99 
43 
82 
18 
-40 
-95 
12 
-49 
66 
3 
-35 
5 
-1 
9 
44 
-48 
-19 
24 
-89 
-3 
-65 
-37 
-31 
-85 
-85 
79 
71 
-77 
17 
13 
-7 
-92 
63 
-54 
-60 
30 
-55 
-4 
85 
19 
-80 
-24 
-2 
-39 
-11 
75 
57 
61 
-34 
-25 
-5 
-26 
55 
2 
-64 
-47 
22 
34 
-44 
-63 
-43 
49 
42 
68 
57 
-56 
76 
7 
-69 
37 
38 
-40 
-18 
56 
1 
21 
48 
10 
-95 
42 
-19 
-13 
80 
-63 
-6 
-92 
-21 
20 
-53 
42 
-7 
-99 
78 
-57 
95 
76 
69 
85 
11 
12 
78 
9 
0 
-26 
-73 
81 
-12 
-13 
-10 
57 
95 
-49 
-92 
-1 
-17 
62 
-10 
87 
27 
2 
41 
60 
20 
11 
-4 
1 
28 
64 
-67 
16 
95 
35 
-31 
68 
-81 
73 
85 
-65 
26 
-23 
-71 
-85 
46 
20 
3 
-4 
-72 
78 
27 
99 
-33 
22 
4 
-39 
2 
77 
-61 
-29 
26 
-63 
-69 
-82 
-83 
-66 
-95 
-59 
12 
-11 
2 
-6 
-41 
-78 
86 
44 
-67 
-94 
55 
48 
16 
-88 
-71 
-68 
-77 
-86 
-42 
-65 
75 
-69 
-35 
54 
-56 
-4 
87 
-42 
-71 
83 
-19 
38 
43 
66 
-10 
69 
-18 
-7 
-89 
-53 
-9 
44 
-89 
4 
-43 
8 
15 
13 
-52 
-18 
-54 
-26 
69 
-16 
51 
91 
-69 
67 
-3 
-19 
-62 
-12 
-89 
-8 
16 
59 
30 
95 
28 
79 
-84 
58 
2 
-7 
-90 
-22 
-25 
-58 
88 
-10 
42 
-8 
-53 
34 
-75 
-50 
34 
90 
-30 
-60 
-77 
-48 
41 
81 
-28 
-18 
12 
40 
0 
20 
-81 
-97 
-45 
25 
-39 
82 
-97 
56 
27 
90 
-18 
-9 
-63 
-51 
23 
-43 
50 
-11 
-42 
62 
-98 
0 
78 
-36 
-83 
65 
49 
39 
-53 
-76 
53 
0 
1 
-98 
5 
9 
-97 
4 
-26 
27 
64 
-43 
-61 
93 
-18 
48 
60 
1 
-18 
-16 
87 
84 
-77 
-91 
29 
-57 
95 
44 
-8 
-19 
49 
-89 
-36 
43 
0 
93 
81 
-31 
22 
25 
70 
83 
-94 
-71 
11 
-20 
77 
97 
-6 
77 
-33 
65 
-7 
95 
15 
16 
-14 
-58 
-61 
-80 
-77 
-10 
-14 
23 
11 
41 
61 
-42 
-56 
21 
60 
-54 
19 
-32 
-15 
72 
39 
77 
-89 
-68 
-78 
31 
-38 
30 
-72 
93 
3 
-58 
20 
-64 
-61 
-97 
31 
-79 
-36 
10 
-78 
-56 
17 
0 
-85 
64 
-67 
-66 
21 
-20 
-58 
32 
73 
-16 
-55 
-88 
58 
-3 
-48 
-6 
42 
42 
0 
-34 
5 
-90 
-99 
2 
42 
60 
-73 
-18 
43 
91 
21 
-90 
0 
-42 
99 
67 
76 
-50 
-70 
-46 
59 
-81 
-69 
-92 
-58 
35 
40 
-25 
-3 
-96 
-8 
28 
-69 
28 
-79 
34 
-95 
-24 
29 
-61 
61 
36 
-20 
-71 
-25 
93 
8 
-34 
-88 
98 
-92 
-56 
-13 
-45 
44 
-49 
36 
-6 
-33 
78 
77 
89 
-62 
-24 
-77 
-80 
3 
-25 
-64 
-44 
-28 
67 
-18 
78 
-65 
51 
79 
23 
-45 
30 
56 
2 
45 
-81 
31 
88 
-96 
-13 
-55 
-25 
-14 
50 
-61 
-18 
-70 
-70 
87 
-81 
-12 
27 
75 
76 
-54 
-52 
-20 
38 
-14 
42 
3 
93 
70 
88 
-97 
-36 
-66 
33 
22 
0 
62 
-20 
92 
-43 
-34 
64 
29 
16 
-99 
-13 
-65 
-90 
24 
21 
-34 
0 
-65 
-45 
-59 
68 
88 
21 
-57 
-82 
39 
13 
-81 
-19 
33 
55 
-34 
-72 
-83 
92 
89 
57 
87 
-79 
40 
-42 
51 
11 
-23 
25 
45 
-5 
39 
92 
-90 
-87 
33 
59 
94 
29 
-78 
-76 
7 
22 
89 
7 
89 
-1 
-44 
85 
-22 
55 
-15 
-64 
11 
13 
-57 
-41 
38 
-35 
-3 
-81 
-19 
-2 
21 
70 
-71 
-21 
-30 
74 
-84 
-3 
-79 
34 
-98 
22 
-87 
59 
88 
-54 
-16 
-91 
-21 
80 
-52 
-72 
76 
40 
46 
97 
-76 
41 
85 
-51 
81 
-39 
24 
69 
-78 
84 
52 
-10 
-25 
-25 
55 
65 
71 
82 
75 
22 
71 
76 
-38 
-49 
-9 
53 
70 
68 
43 
-87 
-13 
59 
10 
-78 
-62 
5 
45 
-28 
-31 
-45 
36 
-67 
90 
99 
37 
6 
21 
49 
-31 
12 
79 
65 
-94 
37 
-32 
63 
-95 
-40 
-32 
-90 
-33 
-30 
-63 
-43 
37 
34 
55 
-94 
-87 
48 
-73 
-26 
0 
77 
-59 
54 
-3 
-41 
58 
-9 
56 
37 
61 
11 
64 
70 
0 
-14 
-33 
-31 
-14 
-55 
24 
-76 
8 
40 
-97 
-57 
-60 
75 
6 
84 
-86 
57 
-21 
-35 
-83 
-58 
67 
-76 
-68 
-46 
-84 
57 
-24 
-2 
-3 
93 
17 
-19 
-86 
-22 
99 
-71 
-38 
59 
73 
39 
-99 
-80 
23 
-13 
-44 
72 
46 
25 
-25 
-50 
90 
-56 
68 
-50 
-29 
-96 
47 
86 
-16 
18 
-60 
-2 
37 
96 
-98 
-84 
-34 
-28 
20 
-1 
-46 
-89 
51 
71 
-44 
-44 
75 
-58 
27 
-52 
41 
59 
-16 
-8 
-24 
25 
45 
-87 
30 
-98 
23 
18 
43 
-60 
78 
-84 
-93 
8 
-11 
-35 
-77 
-83 
63 
-68 
-77 
21 
36 
13 
79 
-17 
-60 
51 
23 
21 
70 
-97 
-24 
52 
74 
64 
96 
-12 
76 
39 
10 
55 
-4 
-17 
49 
64 
-78 
94 
-37 
-64 
-65 
-33 
99 
67 
7 
54 
75 
-4 
-21 
-56 
4 
73 
-94 
-58 
52 
-26 
-24 
61 
48 
93 
-11 
12 
38 
-8 
89 
90 
32 
89 
28 
98 
-65 
-28 
-70 
-98 
41 
-79 
-54 
-93 
-36 
60 
2 
81 
55 
79 
99 
-4 
77 
27 
-6 
90 
-61 
-74 
36 
78 
-90 
29 
-12 
89 
5 
-94 
-13 
6 
19 
8 
81 
8 
44 
83 
65 
52 
10 
4 
67 
70 
88 
71 
