88 
88 
16 
63 
97 
-82 
29 
-51 
-37 
-39 
-17 
-77 
68 
34 
14 
94 
-83 
-43 
-3 
-36 
-89 
24 
-98 
-91 
16 
88 
-72 
5 
-20 
63 
69 
93 
13 
-28 
78 
-24 
-35 
-79 
41 
-76 
37 
-17 
6 
-48 
89 
-94 
-94 
-54 
58 
-27 
-94 
-85 
81 
95 
-15 
8 
2 
42 
-83 
17 
-46 
96 
-58 
-99 
99 
-54 
52 
15 
93 
83 
-58 
76 
-62 
21 
-89 
-28 
54 
-77 
-13 
39 
94 
-87 
-36 
67 
-93 
-66 
53 
-41 
-6 
10 
-99 
-99 
97 
-47 
58 
34 
66 
-33 
-95 
-88 
-78 
75 
21 
65 
35 
35 
3 
-76 
90 
46 
70 
33 
-71 
38 
47 
-16 
-5 
-5 
-40 
14 
0 
98 
-16 
8 
96 
73 
79 
9 
56 
-7 
97 
-80 
-34 
-65 
21 
-4 
-74 
58 
87 
10 
-44 
84 
14 
82 
73 
52 
-42 
-5 
-3 
85 
96 
-89 
-7 
29 
-14 
88 
-52 
-58 
-52 
18 
77 
-99 
-6 
-26 
66 
68 
-19 
73 
-9 
46 
-18 
-64 
-75 
80 
32 
-38 
-2 
95 
0 
-51 
-9 
-85 
-46 
-99 
7 
-96 
-17 
-20 
93 
13 
17 
91 
27 
29 
-73 
2 
-35 
-57 
55 
17 
-63 
-43 
-89 
-23 
3 
-78 
17 
-51 
89 
59 
-79 
63 
92 
-61 
55 
20 
31 
67 
57 
68 
41 
92 
61 
-3 
-7 
21 
62 
62 
-6 
73 
-42 
-60 
-94 
-33 
28 
-29 
-53 
57 
12 
-22 
-70 
61 
22 
99 
-89 
-17 
21 
-36 
-42 
-27 
-92 
86 
94 
32 
-2 
56 
15 
-37 
88 
42 
72 
-96 
42 
-85 
12 
-50 
-73 
3 
-19 
-23 
-72 
11 
-23 
12 
70 
-59 
45 
-28 
98 
-91 
-54 
-59 
-31 
-9 
-35 
-80 
-37 
-40 
-57 
-19 
-43 
-73 
-1 
-9 
-73 
-74 
-28 
73 
38 
-84 
82 
86 
-92 
4 
3 
-75 
-27 
-53 
-75 
72 
23 
-19 
20 
23 
-35 
-14 
-71 
-28 
-77 
-38 
-67 
29 
81 
89 
-65 
-15 
-70 
-17 
-37 
72 
-77 
89 
82 
26 
-3 
35 
77 
87 
62 
96 
46 
13 
35 
-29 
-9 
-86 
-23 
-97 
-40 
-6 
53 
54 
-5 
-54 
5 
32 
-89 
24 
3 
-97 
-81 
57 
63 
-98 
60 
-46 
19 
-49 
68 
61 
32 
-30 
-61 
86 
18 
-5 
26 
-25 
-40 
-42 
35 
-93 
-22 
0 
-74 
75 
-79 
60 
-13 
-18 
69 
-15 
-2 
84 
16 
95 
-58 
9 
31 
-4 
-91 
-75 
-72 
-70 
89 
-3 
-85 
-98 
-60 
-80 
10 
-62 
15 
-33 
11 
-81 
-77 
15 
-68 
36 
-72 
58 
-19 
-62 
-21 
94 
-84 
50 
-81 
-49 
-44 
-79 
99 
8 
56 
-67 
-80 
-94 
98 
-12 
-38 
-87 
-76 
40 
75 
-67 
-25 
26 
-37 
-89 
-99 
-41 
-71 
23 
-12 
15 
17 
14 
-16 
61 
86 
-3 
-8 
-25 
26 
-13 
-20 
74 
10 
35 
-88 
-34 
54 
-76 
68 
-99 
13 
-50 
-92 
93 
90 
-23 
95 
-13 
-92 
-93 
33 
24 
-16 
25 
77 
45 
96 
-77 
-33 
8 
61 
80 
-60 
-83 
-89 
-32 
55 
1 
1 
61 
33 
-74 
69 
91 
-97 
-88 
-24 
-30 
58 
-13 
-75 
-28 
76 
16 
-19 
5 
57 
13 
81 
-89 
85 
-69 
-12 
-79 
-1 
1 
-31 
48 
-57 
-46 
-6 
-10 
86 
-51 
22 
-79 
36 
-71 
-27 
16 
-87 
22 
86 
-63 
-41 
7 
-87 
-29 
97 
-95 
87 
28 
-74 
-42 
58 
43 
-64 
-64 
25 
-34 
37 
26 
-2 
-97 
-76 
-6 
-2 
-66 
-69 
70 
-98 
3 
-6 
5 
-83 
-96 
-50 
-43 
-76 
3 
-94 
-16 
-75 
-54 
23 
9 
-29 
-61 
-89 
-22 
-80 
-4 
90 
-7 
-86 
-14 
12 
42 
93 
-74 
-47 
63 
-20 
-11 
78 
33 
9 
-42 
-17 
-29 
-64 
-87 
19 
16 
78 
45 
-78 
49 
99 
-67 
63 
90 
19 
25 
86 
36 
81 
-43 
-32 
50 
-83 
-9 
-1 
76 
31 
-16 
-30 
40 
75 
77 
84 
8 
-17 
-62 
-86 
86 
41 
-77 
21 
-37 
-18 
-73 
40 
-84 
-38 
-22 
9 
53 
-98 
71 
80 
-51 
84 
-49 
69 
-75 
-17 
15 
-10 
55 
-57 
4 
31 
-29 
11 
78 
64 
73 
-29 
31 
-54 
51 
-2 
-73 
81 
28 
62 
-65 
63 
-42 
8 
17 
74 
25 
-31 
-25 
58 
64 
-91 
50 
-26 
88 
10 
0 
68 
71 
-30 
-61 
-42 
-24 
-50 
-97 
98 
97 
-59 
-96 
91 
-24 
-81 
-75 
-15 
22 
80 
13 
-82 
-32 
-83 
68 
24 
-26 
24 
-78 
-50 
41 
-14 
82 
79 
-68 
-19 
67 
43 
-64 
85 
-7 
-61 
59 
90 
-45 
8 
-33 
-5 
-63 
68 
-55 
-24 
-90 
45 
-18 
4 
-85 
-88 
-44 
-6 
15 
-41 
-3 
59 
-10 
70 
-72 
53 
-28 
-39 
-84 
48 
19 
-1 
33 
93 
88 
81 
39 
-74 
78 
55 
-94 
29 
72 
-98 
64 
95 
-1 
0 
-37 
83 
31 
36 
69 
-10 
-77 
-16 
-24 
57 
-97 
73 
-12 
-75 
-79 
98 
0 
-57 
-36 
73 
14 
71 
70 
90 
-84 
94 
-21 
82 
55 
-27 
0 
-70 
86 
87 
63 
75 
95 
1 
2 
35 
0 
-26 
-2 
-78 
-45 
76 
1 
-41 
84 
-91 
-31 
80 
-37 
31 
-88 
-54 
97 
20 
-47 
8 
-99 
46 
-42 
44 
46 
1 
-93 
71 
-95 
66 
82 
-87 
68 
-1 
-95 
58 
-74 
31 
-9 
-92 
44 
-56 
-56 
-13 
-61 
-28 
53 
76 
9 
55 
97 
53 
44 
98 
98 
-5 
94 
2 
-53 
30 
77 
-47 
31 
94 
10 
41 
-72 
-55 
52 
-39 
-82 
8 
-12 
-82 
46 
-20 
-21 
97 
-46 
-47 
-85 
83 
72 
56 
35 
52 
-72 
-66 
-65 
-78 
-6 
-17 
-88 
19 
51 
84 
92 
-18 
-50 
-30 
-83 
78 
-18 
-77 
74 
-78 
-67 
22 
-79 
-42 
-43 
-52 
68 
-11 
-4 
65 
78 
-47 
-54 
33 
-54 
13 
-66 
77 
89 
-21 
24 
-70 
-80 
-43 
25 
-84 
69 
-90 
25 
30 
-84 
10 
89 
-17 
-60 
69 
-50 
-90 
50 
-64 
60 
-10 
15 
67 
-66 
-97 
-62 
-97 
32 
-61 
12 
-67 
25 
-25 
-87 
