-53 
-42 
-5 
-34 
87 
-83 
-69 
19 
-6 
-68 
37 
-43 
85 
20 
36 
69 
-79 
-20 
-29 
69 
3 
26 
-93 
55 
51 
34 
-99 
-90 
-63 
3 
-15 
3 
-82 
42 
20 
75 
-63 
-38 
-25 
57 
49 
-39 
2 
-86 
-74 
84 
21 
91 
75 
91 
-84 
-91 
56 
20 
45 
-20 
13 
59 
34 
23 
-89 
91 
-30 
85 
75 
84 
45 
-70 
-75 
-22 
-82 
-21 
8 
-99 
-92 
3 
-13 
-72 
-77 
-83 
65 
-41 
69 
22 
-10 
-3 
3 
87 
23 
12 
14 
-88 
31 
31 
-76 
72 
-85 
-47 
-37 
-18 
73 
-90 
87 
84 
-69 
-75 
-93 
14 
-93 
-61 
18 
30 
38 
-64 
-24 
72 
-1 
-56 
61 
61 
9 
-97 
99 
16 
-13 
-68 
95 
48 
-57 
-43 
32 
-29 
-60 
72 
-31 
87 
17 
60 
-34 
84 
38 
-37 
57 
-59 
21 
-50 
77 
79 
14 
3 
89 
-35 
-14 
97 
-76 
52 
76 
91 
78 
-94 
-56 
77 
-44 
38 
0 
-14 
-34 
9 
-82 
-66 
58 
-46 
-20 
-82 
-22 
48 
67 
-46 
51 
19 
71 
-61 
58 
-75 
-64 
51 
-22 
-58 
-50 
30 
93 
-13 
95 
-99 
-19 
-98 
-76 
-76 
34 
-7 
42 
20 
36 
-89 
-27 
-56 
-4 
65 
-33 
40 
-94 
75 
-44 
-98 
69 
-1 
72 
11 
79 
36 
-18 
60 
69 
-88 
12 
43 
-63 
-15 
38 
52 
31 
-3 
-27 
9 
-81 
-4 
29 
-44 
17 
95 
-68 
-57 
0 
86 
25 
-91 
-95 
-96 
70 
62 
11 
-51 
31 
-23 
66 
74 
-58 
50 
51 
-58 
-12 
-92 
-90 
64 
-73 
6 
-21 
-68 
93 
-79 
-36 
42 
67 
-19 
-83 
-48 
63 
-83 
-56 
10 
50 
-66 
-9 
32 
7 
25 
39 
90 
-40 
-46 
80 
-3 
38 
14 
64 
-38 
74 
-7 
-78 
45 
96 
-54 
47 
-76 
21 
62 
-15 
64 
40 
5 
-54 
-64 
-54 
44 
34 
51 
-20 
90 
79 
16 
27 
-64 
99 
69 
24 
76 
-15 
-16 
-69 
-18 
22 
91 
92 
99 
-7 
-4 
-95 
91 
-68 
95 
-22 
27 
-90 
-68 
52 
-39 
-95 
30 
-14 
-82 
-43 
57 
16 
49 
16 
-10 
-3 
-27 
2 
53 
-24 
-47 
-2 
45 
37 
-93 
74 
58 
29 
-90 
31 
3 
82 
33 
18 
-81 
86 
-82 
-13 
-43 
82 
-60 
-62 
69 
53 
36 
-46 
4 
35 
-30 
-97 
63 
29 
20 
-55 
61 
43 
44 
-1 
-42 
26 
-45 
-43 
-44 
-44 
-6 
-4 
-12 
-43 
-43 
84 
-91 
61 
-97 
51 
81 
39 
21 
-38 
-24 
75 
-16 
76 
57 
-53 
-61 
-90 
62 
67 
12 
56 
90 
-80 
33 
-82 
-31 
-1 
27 
35 
-94 
60 
-11 
-73 
-97 
60 
-15 
-43 
7 
3 
-85 
36 
57 
-9 
30 
-2 
-39 
84 
39 
-30 
8 
18 
-19 
-88 
26 
-51 
-46 
-40 
-83 
-56 
19 
-37 
-15 
86 
72 
36 
13 
-17 
-97 
-96 
-30 
25 
-93 
98 
-7 
57 
-6 
41 
-10 
-14 
-27 
8 
67 
-71 
-47 
66 
36 
78 
76 
-46 
-7 
-35 
42 
-1 
33 
-42 
96 
-51 
95 
64 
-65 
-65 
-50 
-44 
43 
54 
6 
79 
19 
-88 
59 
55 
62 
-55 
1 
-14 
-30 
28 
94 
93 
-91 
-38 
2 
-17 
87 
57 
-21 
-43 
-57 
8 
0 
-38 
44 
66 
43 
35 
-29 
55 
-69 
-69 
67 
1 
38 
98 
-80 
-2 
46 
16 
-64 
-11 
89 
84 
5 
2 
67 
40 
-8 
-52 
-23 
60 
0 
-26 
-6 
-54 
-94 
-15 
9 
14 
93 
35 
-19 
-7 
41 
-2 
1 
-18 
-83 
19 
-27 
-39 
37 
-40 
3 
55 
59 
52 
50 
-5 
-38 
-75 
-9 
45 
-93 
80 
-78 
54 
-94 
-66 
-58 
19 
76 
48 
50 
-87 
45 
0 
-46 
52 
-21 
86 
15 
-20 
50 
29 
23 
-53 
36 
-33 
96 
-52 
-36 
86 
60 
-29 
-9 
-78 
6 
-93 
-56 
-86 
23 
85 
95 
36 
39 
6 
-19 
49 
-56 
-48 
5 
-65 
-42 
27 
-69 
48 
-16 
-60 
-61 
-24 
24 
-83 
-55 
52 
69 
33 
31 
36 
-36 
80 
53 
97 
-77 
-91 
-28 
82 
-14 
-68 
23 
-36 
-40 
5 
67 
21 
68 
-51 
96 
-4 
61 
47 
-94 
30 
10 
84 
-1 
-23 
-33 
-93 
-18 
55 
45 
41 
29 
-99 
-7 
-94 
-49 
-42 
29 
-70 
-41 
34 
-27 
-8 
-44 
80 
-32 
-4 
-46 
-58 
76 
38 
-93 
-50 
36 
18 
29 
-10 
94 
80 
33 
76 
-54 
-20 
36 
-64 
54 
96 
54 
-89 
-85 
-88 
-66 
-54 
-77 
26 
-65 
8 
49 
-44 
-38 
57 
-35 
16 
-12 
86 
91 
-22 
42 
78 
39 
-63 
1 
23 
-97 
-32 
6 
-32 
14 
6 
-95 
96 
74 
-9 
37 
10 
19 
52 
31 
94 
-52 
-8 
-44 
-97 
-22 
-64 
0 
27 
-34 
50 
96 
0 
-10 
-53 
-3 
-12 
66 
80 
31 
-45 
10 
14 
-35 
-16 
-87 
55 
-46 
53 
-8 
-60 
75 
41 
30 
45 
87 
-7 
76 
82 
60 
-52 
48 
97 
22 
56 
95 
41 
91 
78 
-67 
74 
27 
-10 
-54 
-37 
85 
-45 
16 
-77 
-44 
13 
58 
92 
-67 
57 
-6 
-98 
-53 
-58 
-54 
35 
-6 
-99 
-57 
-21 
62 
-69 
-35 
55 
23 
-58 
0 
-32 
-86 
-84 
-33 
49 
-99 
-75 
-10 
-17 
-51 
43 
25 
46 
65 
31 
91 
-71 
74 
26 
49 
-98 
36 
62 
-5 
-74 
-49 
71 
-91 
66 
-34 
67 
83 
98 
76 
6 
-92 
63 
-11 
6 
39 
-84 
98 
-55 
-2 
57 
-41 
8 
-68 
9 
-51 
11 
5 
47 
68 
76 
-63 
-25 
9 
95 
38 
-81 
26 
-65 
-98 
91 
60 
86 
2 
51 
88 
70 
-55 
50 
74 
-73 
9 
63 
60 
-88 
11 
45 
72 
-77 
20 
75 
16 
18 
50 
76 
67 
-16 
14 
67 
32 
-61 
70 
-90 
-7 
91 
30 
-88 
59 
-10 
-2 
2 
32 
-37 
-94 
-29 
-74 
76 
-68 
-19 
44 
0 
-86 
52 
-45 
-68 
-58 
-79 
33 
-14 
-61 
92 
-72 
-82 
50 
-82 
32 
-12 
46 
72 
-25 
-93 
56 
47 
-41 
30 
-53 
