-61 
5 
-32 
-3 
29 
14 
-1 
15 
81 
74 
-78 
38 
-96 
70 
53 
83 
93 
28 
-93 
49 
65 
0 
49 
-44 
41 
-43 
-32 
45 
-54 
41 
-69 
-36 
92 
43 
11 
-87 
-29 
-47 
-94 
59 
99 
95 
-57 
-87 
-81 
-97 
-66 
-64 
-94 
-69 
64 
36 
46 
66 
37 
18 
-23 
54 
-65 
-32 
-71 
2 
-96 
37 
9 
57 
-18 
39 
-45 
-19 
47 
18 
3 
-29 
-9 
-41 
56 
16 
-61 
-94 
38 
0 
20 
49 
73 
92 
-29 
61 
-76 
64 
17 
-59 
13 
98 
-31 
54 
-39 
2 
0 
-13 
3 
-78 
-50 
80 
-43 
-2 
-30 
-95 
23 
-28 
-37 
-73 
72 
64 
94 
82 
12 
4 
93 
-89 
55 
0 
-73 
-12 
4 
16 
-82 
38 
-50 
-11 
-13 
-76 
-71 
73 
-30 
-58 
98 
53 
-20 
67 
-46 
53 
67 
-30 
80 
-48 
53 
-15 
-89 
56 
15 
0 
8 
28 
97 
23 
14 
-4 
0 
21 
89 
48 
-31 
99 
82 
23 
-34 
-98 
-24 
-25 
23 
-18 
-92 
49 
-64 
-71 
-44 
28 
-44 
-58 
-8 
-22 
66 
-50 
-65 
20 
94 
30 
-60 
13 
67 
73 
-85 
58 
-24 
41 
57 
-71 
-20 
79 
-14 
35 
-8 
96 
11 
-71 
-23 
-40 
-75 
75 
-43 
38 
89 
64 
-79 
76 
34 
-98 
62 
-51 
-38 
-49 
13 
32 
75 
-74 
-67 
-27 
80 
-54 
5 
-99 
44 
51 
-17 
16 
-60 
50 
45 
40 
92 
-95 
-34 
-63 
-69 
-2 
-1 
57 
31 
88 
-20 
53 
54 
74 
-84 
84 
-8 
-15 
-28 
1 
97 
-63 
-74 
-86 
-33 
-16 
6 
-41 
77 
-43 
37 
5 
-62 
-35 
30 
-4 
-27 
-94 
78 
70 
-66 
-79 
-62 
85 
62 
-85 
-43 
60 
-60 
-82 
38 
81 
-91 
49 
76 
55 
52 
74 
93 
-79 
-15 
-55 
-34 
14 
-66 
-91 
79 
-13 
-81 
-83 
-38 
9 
17 
-56 
-77 
-66 
-66 
30 
27 
71 
-8 
-6 
-42 
57 
-74 
24 
67 
-94 
62 
70 
57 
23 
-55 
-50 
71 
22 
-47 
63 
67 
90 
-8 
-6 
88 
28 
-63 
-88 
60 
48 
-52 
-88 
8 
67 
80 
-24 
12 
71 
99 
22 
7 
-79 
-28 
70 
-35 
51 
21 
9 
-4 
-8 
44 
18 
-63 
26 
77 
59 
83 
-12 
42 
11 
-17 
7 
99 
-77 
-2 
-22 
-64 
-43 
73 
58 
-65 
-8 
-49 
86 
-38 
-70 
-50 
-74 
49 
65 
60 
-14 
62 
-41 
0 
-73 
48 
-60 
-34 
-79 
-74 
-4 
-55 
91 
-18 
-89 
5 
-12 
4 
-33 
37 
-42 
-65 
-72 
-19 
-7 
82 
58 
-14 
15 
38 
85 
68 
-47 
-85 
40 
17 
-24 
-22 
43 
-10 
74 
15 
-84 
-73 
-41 
-4 
-27 
-89 
37 
-24 
60 
-41 
28 
-61 
-3 
80 
-8 
4 
-72 
97 
-80 
72 
-13 
33 
54 
-64 
-93 
29 
86 
15 
-38 
89 
75 
-86 
-75 
-80 
70 
-76 
50 
37 
-58 
12 
-52 
-83 
-12 
-1 
94 
-8 
-21 
58 
2 
27 
3 
-21 
-45 
-36 
-49 
-13 
-9 
88 
-37 
-56 
-28 
-71 
-79 
72 
48 
90 
19 
20 
-12 
-56 
34 
8 
-31 
-42 
-28 
28 
-33 
-56 
-55 
15 
-69 
67 
-29 
-11 
-15 
1 
-80 
-31 
-79 
-97 
-87 
-25 
23 
52 
5 
40 
41 
73 
26 
70 
30 
61 
14 
-32 
95 
-1 
-8 
-97 
91 
-54 
-97 
-28 
-80 
-9 
73 
94 
-65 
84 
-26 
79 
2 
61 
-3 
49 
-47 
-78 
31 
10 
-41 
14 
-32 
73 
77 
42 
-40 
35 
95 
-36 
4 
57 
21 
10 
-79 
-70 
-74 
81 
91 
63 
47 
33 
92 
35 
-20 
43 
-35 
1 
-83 
-97 
-42 
19 
-64 
1 
61 
-62 
42 
77 
-59 
-99 
86 
-71 
-65 
-87 
4 
86 
-42 
57 
-9 
71 
30 
-17 
-7 
36 
92 
-81 
-78 
86 
-32 
-61 
97 
-62 
60 
-99 
-63 
50 
-43 
-21 
17 
50 
17 
81 
-3 
21 
-34 
-10 
13 
-48 
-66 
6 
-72 
-82 
-68 
-98 
-95 
8 
-85 
-17 
78 
73 
70 
-79 
-12 
-6 
66 
25 
-6 
-51 
-36 
3 
84 
-62 
-42 
88 
-3 
-39 
-68 
30 
78 
53 
-19 
41 
-48 
30 
74 
74 
54 
-10 
42 
-70 
61 
-36 
-32 
26 
90 
-72 
50 
63 
-28 
14 
54 
-58 
4 
15 
64 
-73 
52 
-98 
22 
-78 
-85 
-61 
-40 
-57 
-62 
8 
-85 
35 
46 
82 
94 
-97 
40 
-13 
27 
96 
-48 
5 
36 
34 
-34 
20 
-12 
74 
79 
89 
23 
42 
-70 
-4 
38 
-22 
-47 
19 
-57 
-46 
-23 
28 
-53 
-55 
-76 
-68 
-11 
-58 
-52 
89 
5 
-15 
-45 
-1 
-27 
-43 
20 
-41 
-86 
-1 
99 
-69 
-16 
-14 
43 
70 
29 
92 
-57 
-19 
78 
-92 
-91 
0 
-33 
-57 
72 
-92 
-97 
9 
-47 
-73 
22 
86 
-87 
70 
57 
39 
-12 
40 
-27 
-52 
90 
-50 
52 
-18 
64 
97 
83 
-59 
-70 
-36 
89 
73 
16 
4 
71 
44 
-2 
-61 
39 
1 
-70 
1 
-58 
-19 
51 
-87 
16 
-28 
-86 
-43 
-68 
-4 
-70 
69 
55 
-53 
51 
80 
75 
-85 
56 
21 
8 
-54 
-43 
71 
86 
87 
-7 
10 
-11 
37 
81 
-24 
-37 
42 
-73 
-82 
-26 
-44 
-25 
-66 
-55 
97 
-75 
5 
-76 
18 
-23 
-68 
-84 
-54 
8 
1 
-4 
-16 
31 
96 
85 
29 
-30 
-45 
-92 
24 
-85 
-67 
-17 
-83 
-2 
-74 
-39 
-67 
43 
-95 
-14 
97 
67 
-39 
-56 
-77 
-61 
-24 
58 
-58 
-75 
-19 
98 
-60 
41 
-83 
29 
-61 
49 
-57 
-35 
-48 
2 
17 
-23 
62 
47 
-90 
-61 
55 
-43 
91 
39 
-88 
-17 
34 
-57 
-42 
-57 
-22 
28 
63 
29 
-37 
37 
84 
56 
-49 
99 
27 
67 
17 
-85 
88 
-3 
-34 
-40 
43 
54 
-87 
0 
69 
-84 
9 
-14 
-96 
-83 
-62 
-34 
-71 
-81 
-70 
-69 
32 
-71 
-51 
-25 
-56 
-30 
66 
-66 
1 
-10 
54 
-97 
-40 
58 
-66 
57 
-67 
-18 
-14 
-91 
-5 
-72 
-28 
76 
-69 
25 
-32 
-53 
-71 
-17 
-41 
-36 
-57 
3 
-93 
-65 
