64 
-80 
-90 
-55 
-42 
7 
93 
-39 
18 
16 
8 
79 
28 
-38 
61 
49 
97 
-37 
95 
-76 
27 
-34 
1 
86 
-1 
54 
-57 
-52 
-15 
-23 
-89 
-54 
77 
-71 
1 
0 
-9 
54 
17 
-98 
72 
35 
-86 
-52 
2 
4 
-91 
93 
-55 
-99 
55 
-79 
38 
99 
-80 
11 
-5 
-87 
6 
88 
-83 
96 
85 
-99 
-5 
0 
-79 
61 
78 
-55 
-54 
-73 
22 
-20 
0 
65 
93 
-56 
-10 
-25 
31 
-95 
-47 
59 
95 
82 
67 
-34 
27 
-13 
0 
65 
33 
-74 
-46 
11 
83 
53 
-2 
52 
10 
20 
79 
38 
-72 
-88 
-54 
33 
-16 
31 
-53 
54 
84 
-47 
95 
-49 
87 
79 
-91 
3 
36 
51 
-90 
-22 
-9 
-47 
-64 
-19 
46 
-81 
18 
-2 
-11 
-51 
-50 
-53 
45 
-26 
82 
75 
78 
-39 
83 
9 
53 
-6 
28 
6 
-64 
-33 
96 
68 
-93 
51 
-89 
1 
8 
-33 
-8 
40 
18 
-47 
-98 
-96 
-49 
59 
-49 
31 
86 
21 
-58 
13 
-36 
-40 
98 
-36 
0 
-18 
64 
57 
-93 
-43 
19 
-49 
-16 
-94 
-3 
46 
26 
-4 
-53 
65 
26 
-73 
-33 
83 
-25 
98 
-53 
76 
-60 
-5 
99 
-57 
12 
0 
42 
63 
-84 
-55 
-28 
67 
57 
-36 
50 
-72 
75 
91 
12 
79 
43 
51 
56 
91 
93 
26 
39 
56 
57 
67 
-49 
-16 
0 
-6 
-10 
36 
8 
18 
-4 
-36 
25 
68 
76 
86 
-56 
-66 
12 
96 
47 
-42 
75 
-89 
80 
-7 
65 
81 
-53 
84 
30 
-98 
59 
-61 
35 
29 
-58 
89 
8 
18 
-71 
77 
-42 
-20 
-44 
-24 
-17 
94 
-55 
80 
-88 
-65 
45 
64 
82 
-9 
-22 
7 
-23 
-74 
-5 
-74 
-29 
5 
3 
-25 
36 
63 
-24 
99 
-93 
-82 
14 
11 
-90 
-20 
-43 
-47 
12 
-30 
35 
-72 
-43 
25 
11 
-49 
98 
67 
-70 
27 
83 
69 
14 
57 
18 
-75 
-97 
57 
-49 
-8 
25 
-4 
-13 
-21 
-73 
53 
62 
79 
21 
21 
0 
-81 
-74 
98 
38 
-51 
-45 
-88 
29 
91 
33 
47 
-25 
93 
-52 
13 
40 
-72 
11 
-19 
-35 
-56 
78 
-62 
-79 
73 
-29 
-29 
-11 
68 
98 
-47 
-28 
56 
-10 
-64 
21 
-78 
4 
53 
-95 
-8 
-47 
-19 
91 
42 
-42 
-95 
9 
-76 
48 
-35 
3 
47 
27 
2 
9 
-98 
55 
81 
-23 
37 
-43 
-54 
-84 
16 
0 
-93 
23 
92 
-29 
21 
-69 
78 
-76 
-49 
-54 
-5 
61 
7 
-18 
42 
56 
-33 
73 
-86 
-10 
16 
78 
-61 
28 
54 
-49 
89 
39 
12 
71 
32 
-99 
70 
43 
-58 
33 
37 
65 
-9 
35 
14 
-88 
2 
21 
21 
53 
12 
-10 
-33 
98 
-16 
-15 
-32 
-10 
-81 
85 
48 
37 
-31 
15 
-25 
4 
43 
58 
87 
-64 
-96 
-22 
73 
-22 
-67 
-72 
-68 
3 
88 
66 
18 
49 
-27 
78 
-82 
87 
-63 
58 
-15 
82 
-76 
-63 
58 
-95 
-24 
-52 
95 
-69 
11 
-91 
-94 
-19 
37 
80 
-10 
17 
-6 
-71 
-13 
-40 
47 
-38 
-66 
30 
-52 
-53 
79 
53 
-32 
-22 
49 
94 
25 
27 
-23 
40 
74 
41 
-81 
49 
86 
-46 
-81 
65 
-2 
-87 
-50 
5 
66 
92 
31 
-97 
-73 
13 
69 
-10 
-9 
52 
-38 
-68 
-24 
62 
-9 
91 
-76 
-50 
94 
-90 
-39 
79 
35 
-10 
-28 
21 
48 
-76 
20 
-33 
15 
23 
78 
72 
-22 
33 
-25 
11 
-33 
-27 
0 
-84 
-97 
10 
-23 
34 
73 
-95 
56 
-85 
-51 
91 
-60 
-85 
-38 
99 
-41 
13 
92 
3 
-58 
14 
-40 
-49 
94 
7 
-78 
-9 
12 
29 
38 
-33 
-54 
89 
17 
71 
6 
48 
22 
-36 
-92 
27 
85 
-81 
89 
-33 
22 
-93 
40 
90 
-48 
74 
-95 
0 
-15 
-39 
-12 
8 
-42 
44 
-47 
49 
-44 
79 
-56 
57 
-62 
-92 
85 
-65 
78 
-43 
1 
-5 
23 
54 
42 
30 
12 
2 
-94 
30 
-85 
30 
-35 
-11 
-74 
-77 
48 
-86 
2 
-72 
-60 
-42 
75 
18 
-66 
95 
-44 
45 
-69 
-32 
34 
47 
48 
-54 
82 
-54 
10 
-65 
47 
22 
-17 
-32 
18 
66 
-20 
47 
42 
-61 
-55 
66 
-72 
-98 
38 
-49 
86 
14 
-72 
-77 
-14 
63 
50 
5 
61 
-7 
95 
-99 
66 
-51 
-34 
-25 
3 
-50 
7 
5 
-52 
60 
14 
28 
-86 
36 
-27 
-9 
-60 
-78 
95 
-33 
-55 
66 
21 
24 
47 
27 
-84 
-92 
8 
69 
-92 
71 
-20 
99 
-68 
52 
73 
32 
-29 
6 
-41 
-10 
-72 
-2 
16 
50 
91 
48 
25 
-86 
74 
25 
36 
-13 
-85 
37 
-83 
-3 
74 
99 
-85 
-19 
-38 
-35 
-3 
-55 
53 
-66 
40 
80 
37 
36 
54 
-26 
94 
-97 
16 
-67 
32 
90 
-59 
-51 
-68 
-61 
-40 
61 
-12 
-43 
81 
-15 
23 
41 
10 
-60 
6 
-45 
88 
56 
71 
-6 
-95 
21 
16 
39 
5 
95 
-73 
-93 
39 
70 
83 
82 
-42 
-17 
-88 
38 
3 
-49 
66 
-94 
-41 
-78 
87 
7 
71 
-91 
74 
41 
-39 
98 
67 
79 
63 
86 
-2 
24 
-14 
-43 
3 
-76 
95 
-5 
-96 
47 
17 
64 
61 
-98 
84 
-51 
49 
-90 
-87 
33 
-45 
43 
-67 
-97 
76 
77 
66 
24 
-66 
94 
6 
-19 
71 
-50 
51 
-42 
72 
-99 
-25 
-47 
-32 
52 
-25 
-11 
-51 
47 
-44 
83 
36 
-86 
80 
15 
27 
7 
-2 
-96 
59 
57 
56 
44 
-18 
75 
-48 
-18 
-53 
-55 
25 
21 
1 
68 
1 
74 
-84 
40 
-23 
-45 
43 
82 
54 
5 
62 
85 
13 
41 
-41 
22 
14 
96 
11 
-28 
-19 
-28 
99 
-36 
-21 
39 
86 
-12 
0 
62 
16 
-67 
15 
-19 
44 
-73 
28 
-24 
-27 
-60 
38 
16 
-7 
-64 
2 
35 
87 
49 
73 
-50 
-74 
50 
-87 
-38 
24 
45 
46 
56 
-7 
28 
-56 
-71 
-69 
91 
72 
31 
-72 
-96 
69 
5 
-9 
89 
38 
99 
-39 
57 
49 
-5 
37 
