74 
-15 
37 
90 
92 
-27 
75 
-14 
-59 
-40 
68 
-95 
-34 
2 
42 
81 
61 
-89 
-22 
7 
-93 
-28 
76 
-42 
21 
-92 
-84 
29 
6 
30 
75 
-1 
-86 
84 
-44 
48 
-85 
-90 
-39 
-26 
-7 
-49 
-2 
71 
-66 
5 
-71 
47 
70 
58 
43 
-64 
-30 
80 
77 
6 
-78 
-85 
19 
-72 
49 
-4 
12 
-51 
-80 
15 
92 
97 
-81 
-37 
24 
-56 
30 
99 
62 
-75 
-28 
56 
58 
-92 
0 
88 
-18 
32 
-9 
60 
0 
66 
-63 
41 
-65 
-45 
81 
95 
-10 
-70 
-89 
-31 
-51 
37 
-92 
-70 
48 
-60 
9 
99 
-53 
61 
-85 
75 
-29 
14 
-63 
-73 
-86 
-53 
-81 
-67 
57 
-17 
74 
14 
-43 
72 
-58 
42 
56 
-26 
-78 
-98 
-44 
-52 
70 
35 
-71 
-8 
44 
-30 
-47 
43 
-49 
8 
51 
43 
-19 
-79 
-5 
19 
-48 
30 
51 
-94 
1 
49 
-11 
-57 
83 
-62 
18 
-8 
-28 
-40 
-93 
41 
-13 
80 
-18 
-1 
-4 
19 
-31 
-97 
22 
8 
5 
71 
-1 
-81 
40 
-99 
13 
-12 
45 
-52 
-64 
-63 
2 
24 
-22 
37 
-57 
61 
1 
-31 
28 
66 
-20 
-24 
-58 
71 
64 
84 
-4 
-71 
9 
-61 
11 
-86 
-63 
-14 
31 
17 
99 
25 
-68 
-19 
-86 
65 
27 
-1 
52 
-21 
-4 
82 
33 
54 
59 
-47 
-90 
99 
99 
-33 
-28 
-57 
97 
91 
-51 
64 
-99 
-85 
16 
83 
68 
36 
65 
60 
-1 
-81 
-68 
89 
-1 
47 
53 
-77 
86 
-13 
-19 
53 
12 
-47 
-59 
10 
-48 
71 
41 
-20 
88 
35 
-89 
68 
-56 
74 
89 
64 
9 
81 
-69 
-6 
9 
26 
-39 
4 
81 
96 
-6 
92 
-27 
78 
27 
-20 
85 
-58 
-7 
-46 
19 
6 
67 
11 
-9 
-50 
60 
79 
-64 
-72 
-22 
0 
88 
-82 
-36 
-53 
-57 
-64 
88 
-55 
-20 
31 
6 
99 
81 
65 
56 
-96 
-40 
33 
83 
0 
26 
-81 
-98 
-11 
-21 
-31 
33 
47 
-8 
5 
73 
-89 
60 
-2 
33 
-73 
53 
-33 
-91 
-56 
76 
78 
84 
-53 
59 
-92 
39 
78 
-47 
-62 
82 
-16 
-68 
-20 
-70 
35 
44 
38 
-45 
42 
81 
22 
-38 
73 
74 
60 
26 
-69 
-45 
2 
30 
56 
-39 
-58 
29 
91 
-62 
45 
-42 
50 
-12 
18 
47 
51 
-83 
33 
1 
-53 
94 
1 
0 
90 
-2 
93 
-1 
-60 
-13 
-11 
41 
-29 
75 
23 
91 
15 
97 
-75 
-44 
-76 
-73 
-73 
-40 
-81 
-45 
57 
64 
43 
-65 
-47 
-55 
-19 
-25 
-24 
43 
-9 
26 
59 
13 
61 
17 
64 
-80 
61 
44 
-16 
-77 
-45 
13 
-11 
0 
-18 
79 
3 
89 
34 
13 
80 
44 
11 
94 
60 
-50 
-65 
72 
20 
-46 
94 
65 
32 
79 
-47 
64 
87 
64 
-61 
-24 
-56 
-39 
-59 
-30 
55 
-94 
32 
3 
50 
29 
44 
51 
69 
-53 
12 
-73 
14 
-63 
74 
27 
70 
-94 
-8 
44 
73 
-78 
21 
40 
-51 
-86 
44 
1 
-54 
44 
-72 
79 
96 
-28 
14 
71 
-70 
-5 
-50 
-29 
95 
3 
74 
22 
46 
-78 
78 
13 
-30 
-74 
-87 
76 
-89 
25 
-20 
-61 
22 
-76 
43 
65 
-16 
-9 
-54 
62 
-50 
62 
48 
-94 
89 
15 
35 
23 
-63 
28 
70 
-53 
-72 
-43 
-58 
-61 
17 
34 
-66 
6 
-74 
17 
73 
84 
-79 
-83 
54 
-54 
-33 
-73 
-83 
71 
65 
2 
-27 
-1 
89 
-79 
-38 
52 
-26 
75 
91 
10 
-51 
-25 
-39 
54 
90 
-93 
-94 
-16 
-10 
-72 
53 
-21 
-14 
-78 
27 
18 
17 
39 
-89 
2 
-23 
47 
86 
66 
96 
29 
-84 
-3 
-65 
-70 
-22 
71 
10 
98 
-44 
-78 
35 
78 
93 
45 
87 
54 
12 
40 
-24 
-89 
-28 
-55 
14 
-42 
76 
14 
31 
-92 
-9 
-78 
77 
99 
-79 
-33 
-69 
51 
-69 
33 
12 
28 
-4 
46 
-90 
-1 
-29 
-21 
73 
89 
-3 
13 
-62 
1 
-34 
-40 
49 
-39 
-47 
46 
40 
-28 
72 
98 
-14 
-75 
11 
-67 
51 
-36 
28 
70 
-8 
39 
-86 
-98 
69 
33 
-77 
41 
-8 
-21 
-54 
-92 
-74 
30 
-18 
-80 
58 
38 
97 
40 
-29 
75 
-90 
46 
-94 
-89 
-70 
7 
97 
-78 
18 
-51 
0 
34 
-93 
65 
2 
74 
57 
99 
97 
-39 
-28 
-19 
12 
62 
27 
28 
-88 
-71 
22 
-55 
-23 
54 
-99 
-90 
83 
23 
61 
-22 
59 
-83 
-46 
-53 
70 
-44 
-41 
72 
98 
64 
-69 
-82 
-85 
-48 
-29 
20 
-31 
-42 
43 
78 
-56 
73 
-93 
-19 
-34 
48 
38 
60 
-96 
-18 
17 
-52 
-17 
34 
-67 
-74 
84 
69 
48 
87 
-97 
-15 
49 
21 
-19 
60 
-83 
56 
53 
61 
92 
80 
22 
-54 
91 
63 
52 
84 
-3 
-45 
12 
33 
-47 
-92 
17 
-98 
77 
-39 
-24 
-30 
-95 
40 
-41 
9 
-53 
49 
-29 
9 
-22 
72 
56 
90 
76 
0 
-91 
29 
-88 
72 
-2 
84 
-28 
-70 
95 
14 
17 
0 
12 
-77 
86 
-24 
-8 
49 
71 
-1 
-37 
97 
-29 
64 
77 
5 
55 
87 
38 
-46 
-2 
5 
-9 
-25 
53 
24 
20 
-59 
58 
-55 
34 
1 
97 
-32 
74 
-57 
60 
94 
14 
-37 
-71 
34 
62 
-89 
-1 
88 
-2 
90 
-2 
40 
36 
27 
76 
-57 
4 
57 
-77 
-85 
-53 
-45 
60 
46 
22 
78 
63 
16 
64 
-21 
9 
46 
77 
93 
55 
-23 
90 
70 
-61 
-7 
98 
69 
56 
97 
37 
69 
-59 
-69 
-19 
-82 
32 
56 
98 
-13 
-26 
-55 
49 
59 
92 
-6 
50 
14 
-16 
-70 
45 
-95 
83 
-49 
-26 
54 
38 
60 
15 
64 
53 
91 
48 
-80 
-71 
93 
62 
41 
-58 
-98 
-26 
-72 
48 
30 
-2 
0 
-95 
-63 
0 
-76 
-40 
-78 
-59 
16 
41 
71 
-18 
87 
-5 
79 
5 
-80 
-65 
-72 
75 
-43 
-87 
-95 
-97 
-86 
-62 
35 
12 
23 
-47 
-55 
-67 
-50 
-88 
54 
-67 
-41 
-28 
58 
23 
