66 
71 
-83 
90 
-35 
-54 
23 
94 
-9 
85 
-29 
-1 
60 
0 
41 
-20 
-6 
94 
-41 
-78 
-85 
-66 
-85 
-12 
68 
-3 
-91 
-96 
-73 
-37 
4 
91 
19 
-18 
-39 
97 
-73 
20 
-34 
84 
-92 
-57 
3 
-91 
-72 
-39 
-79 
-16 
96 
-72 
58 
-85 
-71 
51 
-39 
-86 
-1 
18 
46 
-6 
-97 
-70 
-83 
43 
1 
-72 
31 
70 
5 
44 
56 
48 
28 
31 
0 
-13 
23 
0 
2 
29 
74 
-53 
50 
30 
-61 
-25 
73 
64 
-20 
23 
-84 
45 
93 
-13 
-49 
58 
56 
60 
-61 
63 
-64 
3 
-24 
32 
-1 
74 
-43 
97 
70 
-5 
-56 
70 
-29 
-7 
-58 
-46 
60 
-24 
2 
23 
6 
-84 
-20 
-27 
87 
36 
-33 
6 
-62 
88 
-42 
39 
78 
65 
-68 
74 
-78 
72 
-2 
-45 
-23 
73 
-73 
13 
-46 
81 
-38 
-29 
75 
-25 
64 
64 
-59 
1 
-43 
-92 
-32 
38 
-89 
24 
93 
98 
52 
-9 
35 
-88 
-54 
-60 
-16 
-36 
42 
70 
-53 
32 
9 
77 
-24 
-14 
56 
-98 
-28 
60 
-80 
-89 
95 
83 
61 
51 
32 
-17 
0 
-59 
97 
-84 
-49 
97 
79 
-60 
-61 
86 
15 
-29 
-31 
34 
32 
-31 
10 
20 
32 
-23 
-18 
60 
-85 
-92 
-13 
17 
44 
-54 
-59 
28 
-4 
51 
7 
65 
25 
2 
-19 
97 
-17 
-69 
-34 
40 
48 
49 
-81 
-7 
20 
-82 
-43 
-78 
41 
22 
20 
-9 
-91 
-10 
41 
-90 
98 
-75 
-65 
-3 
-76 
29 
0 
92 
-3 
-72 
-22 
54 
71 
82 
-90 
-95 
-30 
83 
51 
39 
-26 
82 
98 
-28 
60 
-47 
-93 
62 
-22 
62 
-2 
60 
-44 
-64 
67 
5 
50 
-68 
64 
-72 
-41 
68 
86 
-6 
23 
-88 
87 
94 
-89 
-81 
7 
68 
24 
34 
-33 
-43 
-97 
-88 
-46 
88 
-66 
-58 
8 
36 
7 
-49 
-16 
74 
-24 
77 
47 
-29 
-57 
55 
-52 
32 
61 
-23 
12 
-70 
31 
99 
54 
-50 
-41 
37 
-15 
-23 
-97 
50 
-22 
64 
-88 
58 
98 
83 
15 
-54 
-49 
-61 
-68 
-27 
-12 
-8 
19 
-51 
-19 
-99 
-54 
63 
-81 
93 
-46 
34 
2 
-85 
16 
12 
75 
34 
49 
25 
75 
-17 
14 
42 
-57 
-57 
12 
99 
-15 
91 
-64 
-90 
-72 
-16 
-90 
-36 
99 
58 
-81 
80 
66 
-4 
49 
84 
94 
-88 
-79 
-7 
98 
-83 
-10 
26 
69 
-71 
62 
-42 
56 
23 
58 
53 
10 
85 
-83 
-18 
96 
-25 
43 
-8 
51 
30 
-73 
72 
-25 
62 
35 
3 
6 
36 
91 
-30 
-19 
-66 
27 
95 
-44 
-92 
46 
-68 
56 
-82 
-56 
-10 
-66 
-33 
-89 
30 
55 
-51 
98 
-99 
71 
-50 
-84 
38 
-37 
14 
70 
26 
77 
-27 
-42 
75 
-25 
36 
-38 
-41 
-77 
9 
32 
-77 
-52 
16 
47 
34 
26 
-54 
-87 
42 
-77 
88 
34 
57 
7 
1 
-76 
-12 
86 
71 
39 
-96 
27 
-31 
61 
-13 
18 
-49 
86 
-14 
0 
32 
-77 
93 
37 
22 
-52 
15 
63 
91 
80 
-72 
-4 
8 
-47 
-16 
75 
69 
-91 
-85 
27 
-2 
93 
-54 
11 
-7 
82 
9 
-28 
24 
68 
-23 
61 
-5 
-27 
-8 
16 
-1 
-46 
90 
51 
9 
87 
10 
-9 
26 
-41 
-99 
6 
-3 
-4 
79 
36 
-36 
-73 
68 
37 
-49 
55 
-70 
51 
-99 
9 
-67 
95 
-73 
62 
99 
22 
76 
-5 
72 
-60 
-76 
73 
-71 
-32 
-6 
-49 
-12 
44 
-47 
64 
62 
-88 
-55 
-60 
-50 
0 
44 
-76 
29 
-1 
92 
-6 
-21 
-44 
17 
-93 
62 
58 
-28 
-11 
56 
35 
-61 
-99 
-40 
28 
-27 
18 
-63 
-59 
67 
50 
66 
-95 
8 
-72 
-45 
47 
-97 
12 
-8 
-76 
51 
60 
-14 
-80 
-48 
-42 
-21 
97 
96 
-54 
49 
-73 
-54 
77 
11 
-79 
-40 
25 
6 
3 
17 
67 
-34 
-44 
18 
45 
37 
-48 
36 
-90 
53 
-57 
-2 
77 
-30 
-27 
38 
26 
-87 
10 
42 
-56 
29 
44 
97 
72 
89 
-55 
93 
-81 
81 
18 
42 
-64 
-13 
73 
-22 
29 
79 
-99 
-93 
34 
-41 
44 
-32 
49 
56 
8 
48 
-53 
-15 
-98 
84 
-56 
28 
67 
34 
45 
-23 
30 
53 
41 
-14 
-81 
-71 
-92 
-93 
-56 
-98 
16 
-26 
73 
47 
-74 
-55 
-98 
69 
-83 
-9 
18 
14 
32 
18 
-15 
80 
-83 
-45 
92 
18 
66 
-29 
-15 
-71 
66 
13 
-67 
77 
14 
-33 
-54 
-9 
34 
-30 
-4 
56 
-10 
13 
44 
-31 
82 
-90 
-35 
-38 
-89 
75 
-78 
24 
-99 
3 
90 
-49 
-14 
55 
36 
30 
-77 
-49 
53 
-94 
53 
48 
-19 
96 
-45 
-39 
85 
76 
70 
-48 
48 
-90 
32 
-46 
70 
-73 
-67 
-54 
32 
17 
-8 
34 
87 
16 
-40 
71 
-56 
-64 
-85 
-83 
-54 
14 
33 
96 
78 
38 
-53 
-59 
-49 
-47 
-77 
-32 
78 
1 
9 
-30 
-78 
0 
-82 
-20 
-97 
48 
-69 
74 
79 
12 
24 
11 
0 
71 
30 
-57 
-15 
54 
-46 
-75 
50 
-94 
82 
35 
-76 
-46 
-71 
-14 
78 
-98 
-78 
82 
-31 
-55 
-27 
-85 
-54 
6 
-31 
16 
-83 
-58 
12 
-37 
-80 
-13 
67 
66 
-91 
75 
96 
95 
-32 
-3 
-42 
-13 
34 
93 
47 
-39 
-97 
87 
43 
-76 
-93 
42 
95 
6 
-40 
6 
-13 
-1 
-64 
-32 
-34 
0 
11 
-97 
-59 
20 
-40 
23 
-14 
-87 
-25 
63 
14 
33 
21 
-34 
33 
92 
-64 
-73 
-97 
-47 
49 
-8 
-17 
-36 
-80 
-20 
-71 
44 
18 
7 
-10 
-2 
-77 
87 
60 
-71 
-64 
-75 
-53 
-60 
69 
73 
58 
71 
-75 
-76 
17 
91 
-32 
10 
-13 
-60 
13 
62 
23 
-79 
-33 
41 
66 
-15 
-72 
78 
-7 
-43 
29 
-76 
-27 
27 
-48 
4 
86 
-94 
40 
-99 
-57 
49 
-57 
-78 
92 
-53 
4 
54 
44 
76 
43 
58 
60 
10 
-39 
-83 
0 
12 
-73 
-68 
-74 
7 
81 
52 
-98 
95 
20 
-95 
-19 
-81 
66 
95 
