19 
-10 
-83 
85 
96 
-93 
95 
36 
83 
-31 
-81 
-42 
59 
-8 
-14 
64 
66 
40 
41 
3 
67 
-3 
82 
-27 
-29 
44 
-11 
0 
-81 
-35 
-24 
51 
94 
-39 
-94 
-27 
35 
-29 
-74 
14 
57 
-31 
-11 
-31 
-87 
27 
-53 
34 
-94 
78 
66 
-50 
-47 
-40 
72 
-82 
58 
57 
-84 
42 
90 
70 
-12 
34 
-6 
-55 
-96 
59 
-37 
-69 
-23 
51 
-17 
23 
73 
-27 
-91 
83 
-77 
53 
42 
46 
3 
53 
3 
15 
-15 
-22 
-37 
-26 
38 
-2 
-82 
-1 
42 
57 
95 
-29 
18 
-17 
85 
-21 
0 
-78 
48 
-44 
-52 
-51 
-4 
43 
84 
-85 
-96 
-33 
-22 
19 
90 
10 
13 
-18 
80 
4 
14 
-14 
-84 
-33 
35 
-27 
61 
19 
49 
1 
-85 
-85 
33 
7 
24 
94 
-3 
40 
-71 
59 
77 
44 
0 
-32 
6 
48 
87 
-70 
-28 
21 
-10 
-36 
-55 
-58 
96 
-85 
-31 
-75 
-89 
61 
23 
-5 
86 
-5 
-63 
-62 
13 
60 
-93 
30 
93 
-87 
-2 
-25 
0 
-55 
52 
-64 
-81 
-70 
87 
-62 
36 
13 
-6 
11 
37 
-85 
42 
-84 
77 
21 
-31 
-19 
28 
-68 
64 
96 
59 
-31 
64 
43 
-24 
49 
9 
-92 
70 
-75 
-61 
-13 
-38 
-7 
-96 
40 
-52 
34 
-81 
44 
-22 
-63 
-41 
-21 
82 
40 
41 
-15 
-97 
61 
5 
9 
-36 
-87 
-42 
-88 
-52 
41 
76 
45 
-20 
76 
-41 
-3 
-59 
56 
-26 
13 
-62 
27 
-27 
23 
65 
60 
-79 
0 
75 
-96 
53 
1 
68 
-22 
-48 
52 
-79 
-56 
6 
-72 
-31 
-13 
-75 
-6 
-31 
74 
37 
-93 
-32 
-11 
-10 
26 
15 
-12 
4 
56 
76 
67 
55 
23 
15 
74 
-56 
-95 
68 
-73 
-46 
-37 
98 
-80 
-14 
-24 
-49 
0 
-97 
79 
11 
-4 
-42 
39 
-73 
45 
-8 
-84 
20 
72 
3 
74 
78 
-8 
-7 
64 
83 
-3 
0 
69 
-64 
-24 
17 
-27 
86 
23 
-50 
-61 
18 
-29 
-66 
18 
-89 
-14 
-85 
70 
17 
8 
8 
-31 
8 
96 
65 
58 
-35 
25 
73 
-6 
-6 
12 
-20 
-47 
10 
-36 
-13 
-78 
-34 
-69 
-80 
-32 
-67 
-50 
-56 
-53 
82 
3 
-97 
-62 
-70 
15 
-21 
8 
-70 
-31 
-54 
-40 
-74 
-15 
-44 
81 
31 
-34 
3 
96 
82 
-85 
0 
-17 
87 
65 
-55 
25 
6 
18 
17 
79 
-47 
87 
-98 
60 
-46 
-50 
97 
-93 
-78 
31 
-17 
43 
32 
-52 
75 
-66 
9 
89 
63 
-75 
35 
-30 
-20 
92 
22 
72 
-87 
-84 
24 
-45 
75 
52 
-17 
40 
86 
65 
11 
0 
-50 
-52 
14 
-63 
61 
-4 
66 
-93 
93 
6 
98 
43 
-37 
46 
-89 
-42 
49 
-84 
31 
-46 
53 
72 
-71 
16 
-5 
-77 
6 
-16 
-99 
-60 
42 
76 
19 
-51 
-56 
-61 
-2 
-58 
47 
-87 
-61 
-15 
-79 
63 
46 
-92 
12 
35 
42 
58 
-59 
-67 
-32 
12 
-13 
77 
-65 
42 
33 
59 
-95 
20 
-51 
24 
95 
21 
-25 
-33 
70 
-49 
2 
-24 
24 
4 
-91 
-28 
86 
-5 
6 
-2 
85 
-42 
76 
10 
75 
53 
74 
-6 
95 
81 
62 
27 
73 
-16 
52 
95 
-1 
4 
75 
-35 
-36 
-81 
35 
-76 
-51 
-70 
22 
-35 
-60 
-90 
-26 
-75 
-1 
68 
-75 
59 
11 
-94 
0 
-28 
16 
-23 
-12 
-45 
-20 
85 
8 
-55 
-66 
-65 
14 
84 
68 
39 
11 
30 
-6 
30 
-18 
-58 
-19 
-74 
-32 
16 
80 
-16 
17 
-3 
18 
85 
16 
60 
38 
70 
41 
-49 
-89 
-50 
-90 
-17 
-20 
-42 
46 
30 
-16 
-16 
42 
-73 
-97 
53 
18 
81 
-64 
75 
-50 
80 
-87 
68 
29 
-35 
12 
-4 
10 
74 
-86 
-99 
7 
-31 
3 
-2 
6 
-20 
15 
-80 
-72 
-60 
-1 
10 
-2 
17 
-80 
-58 
-87 
59 
-29 
57 
-6 
-65 
89 
-42 
-76 
-1 
28 
26 
-79 
-79 
95 
60 
62 
60 
2 
-52 
-8 
66 
-95 
81 
-69 
-51 
-71 
-59 
-45 
40 
29 
-86 
-30 
71 
13 
65 
58 
-71 
1 
-15 
48 
-24 
-14 
-29 
35 
-4 
-88 
-8 
-69 
1 
21 
-74 
96 
43 
-4 
81 
-86 
-37 
2 
70 
74 
23 
-69 
78 
-36 
57 
-47 
-84 
31 
12 
45 
24 
-14 
48 
6 
35 
19 
84 
-72 
67 
77 
46 
97 
-65 
-38 
-60 
-38 
49 
-46 
-33 
-39 
-38 
-29 
64 
-88 
-89 
-87 
37 
45 
85 
76 
-65 
-5 
-54 
84 
88 
71 
-82 
42 
97 
43 
46 
-14 
-70 
46 
-85 
-58 
11 
-50 
-45 
79 
7 
-74 
3 
0 
82 
-33 
65 
-3 
98 
91 
-95 
53 
22 
2 
9 
-39 
73 
68 
39 
58 
-35 
94 
60 
-69 
-10 
-98 
-97 
-41 
77 
-7 
-19 
20 
86 
-6 
47 
38 
-19 
-20 
-34 
17 
34 
-4 
-2 
74 
39 
39 
63 
32 
-41 
-90 
-69 
-56 
-65 
-22 
-93 
-51 
36 
72 
25 
-96 
3 
-42 
73 
-71 
-10 
-39 
-71 
-18 
0 
-86 
-90 
0 
8 
68 
75 
-84 
13 
-64 
6 
-19 
-49 
25 
33 
35 
11 
74 
28 
-30 
18 
66 
-3 
34 
-8 
84 
7 
46 
-50 
31 
-7 
-8 
-5 
59 
-12 
-90 
81 
-76 
-84 
-9 
82 
86 
-5 
69 
31 
-22 
-31 
95 
-79 
-53 
2 
-90 
13 
62 
56 
14 
46 
-99 
92 
84 
56 
70 
-12 
-65 
93 
-54 
-46 
20 
94 
-11 
77 
-25 
37 
-39 
54 
-86 
73 
40 
-20 
-93 
-12 
67 
94 
12 
-57 
36 
88 
65 
-34 
48 
79 
-74 
-66 
-48 
-79 
-97 
-8 
-40 
57 
-28 
31 
-97 
50 
-41 
-30 
51 
-46 
31 
-1 
51 
-25 
-66 
-98 
-13 
86 
-16 
-12 
-29 
-34 
64 
10 
99 
80 
73 
38 
7 
92 
-10 
74 
-2 
19 
62 
77 
-68 
-86 
72 
23 
36 
9 
35 
-60 
-61 
-33 
-16 
82 
80 
-83 
-45 
54 
-96 
-51 
95 
46 
81 
-89 
-40 
97 
-47 
-26 
9 
70 
-93 
-12 
-10 
-4 
98 
45 
40 
36 
92 
-25 
