37 
74 
-45 
44 
65 
38 
-56 
4 
4 
31 
15 
0 
-91 
-39 
-75 
77 
-12 
33 
50 
58 
-42 
-50 
-26 
71 
37 
77 
-9 
-23 
-53 
76 
25 
-52 
72 
25 
5 
-89 
81 
67 
29 
-98 
-97 
-53 
53 
-74 
-10 
-42 
-17 
-57 
32 
-10 
-47 
27 
-87 
86 
-90 
-23 
11 
29 
41 
-36 
32 
-42 
-64 
95 
70 
-88 
-7 
42 
-92 
-18 
-31 
-88 
30 
-18 
-22 
-74 
91 
70 
62 
72 
63 
-84 
99 
33 
31 
62 
11 
-25 
-20 
-70 
44 
22 
86 
-38 
-87 
95 
-63 
-71 
63 
-38 
-22 
-48 
59 
-92 
-15 
38 
98 
81 
47 
-31 
3 
26 
-4 
-98 
-99 
98 
95 
7 
77 
-3 
73 
-71 
-34 
-30 
11 
77 
33 
34 
-28 
-68 
-85 
-6 
-2 
-8 
29 
-42 
45 
-90 
-12 
15 
-50 
57 
12 
1 
-67 
67 
14 
0 
15 
-94 
6 
-90 
78 
89 
20 
-95 
-73 
-20 
-62 
-54 
9 
-26 
-29 
-9 
-63 
68 
37 
6 
93 
70 
17 
85 
79 
-76 
8 
48 
49 
23 
93 
97 
17 
-78 
-31 
-13 
46 
-2 
-22 
37 
22 
26 
29 
5 
-25 
27 
17 
0 
30 
63 
57 
4 
92 
77 
40 
-72 
42 
-87 
12 
42 
-83 
-7 
-3 
89 
35 
0 
-16 
-97 
63 
16 
25 
4 
-60 
80 
35 
3 
-96 
-33 
39 
17 
92 
62 
-4 
24 
-79 
99 
-61 
-19 
3 
-8 
-43 
28 
55 
-11 
-18 
80 
48 
-44 
-2 
-7 
-60 
11 
57 
-6 
98 
-25 
51 
-19 
17 
-40 
75 
-66 
-44 
98 
-45 
6 
-30 
-33 
84 
56 
11 
-14 
31 
12 
-64 
-8 
-62 
-55 
-23 
0 
-73 
26 
-92 
15 
9 
77 
34 
-46 
64 
-6 
63 
-5 
2 
-51 
-87 
-57 
-35 
98 
-84 
-59 
-20 
6 
10 
-66 
-18 
0 
20 
-47 
20 
62 
-69 
-90 
11 
52 
-65 
82 
59 
-44 
66 
-89 
92 
10 
55 
32 
2 
-23 
78 
15 
74 
-51 
-45 
77 
-74 
-52 
-43 
-69 
-51 
11 
97 
48 
-20 
-21 
99 
44 
28 
78 
0 
0 
91 
43 
13 
63 
86 
-19 
91 
-41 
87 
38 
-53 
-52 
8 
19 
21 
-50 
97 
29 
-43 
-86 
-45 
32 
-17 
17 
12 
97 
-97 
-86 
0 
-27 
-6 
-78 
-66 
33 
3 
46 
-66 
-27 
43 
-32 
62 
-66 
81 
-81 
73 
90 
-67 
-7 
75 
-75 
-58 
-92 
84 
36 
-4 
33 
6 
47 
-7 
19 
-19 
-94 
-91 
16 
-6 
-12 
12 
-65 
85 
-20 
91 
-7 
-11 
-22 
23 
60 
-48 
-70 
18 
51 
26 
-67 
10 
-34 
-45 
94 
18 
84 
-6 
-72 
26 
-69 
7 
-43 
-67 
-1 
-9 
92 
66 
-46 
-97 
-79 
1 
-53 
92 
-21 
-55 
-35 
70 
-70 
46 
-29 
-46 
-51 
-41 
25 
-68 
-62 
-66 
55 
-49 
92 
-52 
41 
89 
-25 
-47 
0 
24 
98 
-13 
34 
-26 
85 
-66 
60 
69 
-59 
-64 
-15 
-53 
3 
-59 
-87 
-69 
0 
75 
50 
-7 
-55 
-71 
90 
26 
-82 
47 
60 
-81 
22 
-60 
6 
69 
-97 
83 
-48 
-26 
46 
60 
-21 
20 
85 
-41 
-9 
-75 
40 
56 
-54 
-71 
-10 
70 
-36 
56 
-65 
-1 
12 
-73 
87 
-60 
51 
7 
5 
16 
-13 
-56 
9 
90 
-51 
-27 
-90 
77 
-90 
21 
75 
-23 
-63 
-91 
-86 
-6 
-32 
27 
-96 
-99 
76 
-68 
-37 
-50 
20 
12 
-20 
-64 
-35 
-30 
-54 
-6 
-20 
96 
67 
-35 
10 
91 
24 
-53 
-81 
49 
11 
59 
-18 
32 
-92 
21 
-6 
-59 
-35 
-92 
-23 
0 
-41 
40 
43 
43 
39 
64 
23 
-79 
24 
62 
-12 
86 
76 
-30 
-4 
44 
1 
56 
30 
-69 
5 
-10 
-38 
41 
4 
31 
51 
-82 
-22 
-23 
38 
-60 
51 
-26 
50 
-57 
47 
32 
77 
51 
1 
-7 
-82 
3 
78 
-47 
58 
-74 
-30 
10 
57 
-52 
-66 
65 
99 
-65 
88 
-35 
24 
-81 
92 
-86 
87 
74 
-34 
45 
-73 
-77 
62 
91 
-50 
-7 
-6 
-91 
-27 
84 
7 
-33 
-70 
98 
-19 
-56 
-94 
22 
98 
65 
59 
84 
-37 
18 
28 
-24 
-76 
62 
-27 
-75 
34 
-60 
-73 
-94 
-64 
-9 
53 
35 
-24 
-64 
-51 
47 
46 
-30 
-85 
-30 
13 
-40 
-30 
79 
35 
28 
85 
-29 
48 
-68 
-26 
-66 
3 
-68 
-34 
13 
-27 
86 
-2 
-43 
-59 
-41 
-34 
-72 
-42 
96 
90 
-92 
0 
27 
-30 
63 
-29 
-85 
-75 
-80 
97 
12 
45 
-91 
4 
25 
39 
-76 
88 
-42 
73 
16 
9 
-40 
52 
3 
-35 
53 
65 
37 
56 
-61 
-16 
-74 
-61 
66 
-31 
44 
-18 
-10 
-51 
93 
35 
37 
-25 
-97 
-8 
9 
44 
31 
17 
66 
46 
-39 
3 
-96 
93 
-32 
-1 
7 
0 
-37 
6 
30 
45 
97 
17 
27 
-55 
53 
-43 
-99 
-10 
41 
-60 
85 
62 
86 
-81 
-28 
89 
-50 
63 
-82 
-38 
41 
-43 
79 
-61 
-47 
-67 
89 
50 
-70 
-1 
51 
17 
95 
64 
-5 
-68 
9 
-37 
25 
-44 
87 
-87 
17 
61 
50 
78 
18 
-81 
-99 
-69 
-95 
0 
-54 
97 
5 
-37 
-64 
-61 
-69 
-64 
88 
-47 
-69 
-11 
55 
-6 
53 
-36 
-34 
-77 
-78 
-19 
-21 
-8 
-45 
-96 
-93 
-99 
40 
-47 
8 
-22 
90 
-36 
72 
11 
-92 
37 
-16 
32 
74 
71 
4 
0 
-21 
-96 
-71 
-32 
-21 
-97 
-86 
26 
-93 
-49 
19 
28 
46 
-68 
25 
-39 
-40 
-27 
50 
-93 
36 
-1 
-35 
53 
-35 
-12 
-67 
-88 
-55 
-82 
-20 
44 
-57 
65 
-40 
-89 
19 
67 
-26 
-64 
44 
71 
-61 
-14 
63 
35 
8 
59 
54 
-80 
80 
0 
55 
-63 
-28 
-25 
-82 
42 
-77 
-22 
6 
49 
37 
-41 
-34 
-80 
43 
-61 
-44 
94 
91 
19 
-25 
67 
70 
-66 
85 
14 
-46 
-78 
58 
-18 
47 
-92 
14 
-69 
-54 
50 
-38 
85 
51 
76 
-68 
78 
-37 
-28 
-67 
86 
-90 
-6 
54 
-42 
-1 
-63 
90 
-45 
11 
0 
-55 
-60 
-95 
5 
