78 
-97 
71 
21 
7 
1 
12 
61 
12 
36 
27 
-41 
56 
-73 
-35 
29 
5 
42 
10 
-53 
-52 
23 
-19 
-89 
-34 
71 
-92 
70 
91 
-37 
-5 
-11 
-85 
-79 
-33 
94 
-54 
-45 
-77 
97 
0 
58 
45 
-42 
17 
-85 
-55 
-87 
7 
-5 
-35 
-54 
89 
94 
14 
-43 
-13 
-16 
16 
-72 
87 
58 
-22 
-81 
-62 
55 
-41 
87 
21 
6 
90 
-69 
25 
-61 
-97 
37 
-62 
51 
34 
74 
-94 
44 
20 
68 
-54 
30 
57 
26 
74 
0 
19 
78 
-45 
-4 
-83 
-68 
-11 
65 
-96 
60 
38 
3 
64 
-42 
13 
9 
0 
-77 
-80 
0 
-34 
-32 
-4 
48 
46 
70 
-90 
81 
45 
72 
65 
69 
91 
58 
-35 
-35 
-4 
-46 
-89 
-92 
83 
-27 
-70 
0 
-69 
-38 
-14 
-88 
-71 
-93 
-34 
85 
-77 
-65 
-85 
-73 
72 
84 
-77 
-5 
-67 
-49 
-51 
21 
-22 
3 
44 
52 
-90 
-76 
-63 
79 
-67 
17 
-17 
94 
-26 
72 
-75 
-16 
53 
92 
7 
-74 
69 
96 
-90 
-89 
51 
-74 
-27 
-43 
-55 
62 
-21 
18 
11 
37 
89 
-80 
-83 
87 
-14 
-77 
48 
-86 
67 
-62 
-31 
50 
-74 
80 
-41 
-33 
-38 
72 
-26 
-64 
94 
-23 
-4 
-29 
-29 
-65 
5 
-85 
28 
0 
-57 
-72 
82 
-11 
-1 
-28 
91 
-33 
-28 
48 
-85 
-72 
-25 
44 
-83 
19 
-99 
76 
67 
90 
-95 
-42 
-35 
92 
-19 
43 
-37 
38 
8 
57 
-86 
28 
27 
31 
73 
56 
98 
-69 
-74 
50 
-83 
-8 
93 
-6 
-69 
-80 
93 
-17 
-99 
-88 
-31 
29 
23 
37 
25 
90 
-47 
14 
5 
77 
98 
-67 
-52 
92 
10 
-47 
-55 
-30 
-36 
-61 
36 
61 
-61 
77 
-34 
-16 
-69 
-43 
39 
32 
79 
-94 
-56 
41 
-9 
-61 
-23 
5 
55 
5 
26 
12 
-8 
-63 
-21 
99 
61 
38 
69 
-44 
86 
-24 
-85 
-33 
-77 
92 
-69 
-10 
-10 
0 
-32 
14 
84 
42 
86 
-76 
86 
-14 
75 
-66 
13 
24 
28 
-39 
-49 
-56 
52 
98 
-34 
-79 
-1 
25 
71 
-51 
-81 
-78 
-73 
43 
43 
84 
-89 
70 
69 
-58 
-80 
17 
-71 
27 
26 
46 
-29 
33 
-62 
51 
-37 
23 
43 
87 
-81 
11 
-83 
54 
-89 
28 
94 
-25 
95 
26 
22 
89 
74 
-64 
33 
67 
31 
-17 
50 
60 
41 
30 
2 
48 
-96 
-76 
91 
71 
-69 
28 
-33 
85 
71 
-37 
-10 
-42 
-58 
37 
-12 
-24 
83 
43 
95 
89 
37 
20 
96 
-76 
0 
36 
10 
-40 
94 
-48 
-11 
-56 
-75 
-25 
82 
-36 
48 
-10 
67 
-39 
22 
-83 
67 
-72 
-1 
-54 
-78 
-21 
49 
-15 
-79 
54 
-36 
-40 
89 
-3 
27 
33 
1 
-12 
89 
26 
6 
41 
37 
-72 
-24 
-9 
65 
50 
9 
-27 
32 
31 
8 
93 
-36 
-3 
-56 
-38 
80 
81 
-29 
-26 
47 
-58 
49 
-6 
78 
-75 
78 
-11 
-89 
-33 
38 
-52 
-26 
-21 
-83 
-72 
24 
-6 
-39 
25 
-98 
96 
-83 
-98 
71 
-63 
-82 
-23 
5 
-74 
-37 
-2 
54 
26 
0 
-17 
-73 
-26 
-49 
62 
50 
-48 
-63 
-13 
17 
13 
96 
56 
-34 
84 
73 
-29 
-24 
51 
-86 
-74 
-90 
-76 
-52 
-4 
-12 
-39 
94 
-97 
13 
-90 
52 
16 
59 
16 
-94 
92 
1 
-42 
72 
-90 
-9 
38 
53 
-69 
-59 
87 
73 
50 
62 
-6 
17 
18 
-26 
-93 
46 
-57 
90 
2 
-19 
24 
38 
-68 
31 
-90 
-27 
0 
2 
-99 
40 
-55 
-85 
-27 
12 
-88 
38 
6 
89 
-7 
48 
25 
-50 
7 
87 
-27 
-28 
33 
55 
59 
-66 
25 
30 
49 
-5 
87 
99 
-37 
58 
-32 
31 
-26 
-57 
-39 
86 
39 
34 
-70 
71 
-48 
-82 
9 
70 
1 
-20 
44 
61 
34 
-60 
0 
97 
89 
-51 
9 
31 
15 
-41 
72 
34 
66 
19 
-57 
27 
63 
53 
-36 
9 
-79 
-55 
23 
-37 
49 
-28 
89 
50 
-27 
-67 
75 
-87 
42 
3 
37 
-34 
-86 
88 
11 
-73 
85 
-17 
80 
-20 
-85 
-67 
-59 
90 
20 
72 
-88 
69 
-99 
-81 
-33 
81 
69 
-26 
97 
-62 
-90 
18 
-77 
-72 
83 
56 
18 
-15 
83 
3 
28 
69 
84 
-62 
69 
-94 
-41 
67 
-16 
19 
-1 
49 
-19 
-79 
88 
-99 
28 
56 
78 
-84 
36 
-76 
26 
91 
-31 
-35 
-52 
-14 
67 
33 
45 
-98 
17 
-65 
-9 
66 
16 
-61 
-24 
-49 
-58 
42 
-21 
-97 
-15 
-27 
10 
-69 
-81 
20 
-27 
-61 
77 
-58 
-7 
0 
-53 
-19 
27 
14 
13 
-48 
82 
-70 
12 
35 
-57 
-47 
18 
68 
-67 
-12 
-62 
99 
52 
70 
99 
-34 
-60 
79 
40 
-50 
36 
-82 
-9 
-65 
-14 
-23 
98 
73 
-17 
5 
6 
33 
83 
-33 
73 
89 
23 
-60 
35 
67 
-64 
-61 
9 
-3 
53 
12 
11 
27 
-6 
-63 
-46 
-42 
-5 
73 
-18 
-96 
-84 
65 
-62 
96 
45 
94 
-33 
-33 
90 
-36 
23 
85 
-12 
7 
-81 
13 
91 
-30 
62 
-70 
20 
-12 
68 
-30 
90 
-43 
-97 
-79 
95 
-1 
12 
41 
-49 
14 
1 
-80 
34 
96 
-42 
-91 
-31 
-63 
43 
57 
56 
-5 
-81 
47 
58 
51 
48 
-5 
-70 
-35 
-61 
-39 
27 
6 
-63 
-8 
45 
-47 
35 
13 
47 
-33 
-33 
52 
-24 
96 
-90 
-94 
17 
27 
12 
-18 
-78 
-69 
99 
62 
56 
-1 
-35 
-54 
-83 
66 
-95 
-10 
83 
70 
-58 
-11 
23 
-60 
-65 
-66 
44 
-55 
36 
-49 
49 
26 
28 
-93 
78 
23 
-41 
28 
2 
58 
13 
-45 
-99 
55 
83 
-85 
94 
54 
82 
88 
12 
-3 
35 
-83 
-68 
-29 
-6 
18 
13 
-71 
-26 
-27 
86 
-45 
-85 
40 
-29 
88 
13 
-9 
-84 
-7 
77 
-79 
-79 
0 
25 
-68 
-22 
-9 
-99 
-71 
20 
35 
70 
90 
10 
-84 
75 
-69 
82 
-93 
-33 
28 
-99 
96 
-62 
-61 
-32 
-15 
56 
-13 
47 
29 
-84 
-20 
-98 
