96 
55 
-25 
-7 
22 
-12 
71 
-55 
-72 
-46 
-44 
-44 
-64 
5 
-45 
43 
-63 
-14 
-48 
86 
47 
-79 
0 
-34 
-46 
-24 
91 
-54 
48 
-10 
-29 
-68 
-56 
-45 
-15 
63 
44 
-8 
32 
-33 
-20 
17 
-53 
1 
-81 
-28 
49 
-54 
4 
39 
17 
49 
-10 
69 
-66 
28 
6 
-92 
86 
61 
77 
-32 
36 
31 
70 
43 
-44 
-83 
-61 
-46 
-4 
-45 
-96 
-43 
-14 
-87 
-1 
-8 
53 
18 
-74 
77 
81 
83 
-42 
-74 
-74 
57 
59 
-97 
26 
3 
82 
-83 
66 
0 
-40 
54 
-84 
21 
-16 
32 
-26 
89 
-17 
-66 
61 
31 
0 
-1 
80 
-15 
-23 
-36 
93 
86 
10 
-71 
77 
27 
42 
30 
62 
-87 
10 
-60 
-81 
87 
29 
84 
92 
49 
-1 
-47 
-91 
-27 
19 
-59 
-89 
59 
-52 
-95 
-27 
38 
95 
-73 
-53 
-11 
1 
-76 
89 
-31 
-20 
-61 
-46 
-69 
-74 
-75 
-29 
-87 
-22 
27 
56 
-2 
40 
-70 
-75 
-62 
-38 
-17 
-46 
27 
-40 
-2 
38 
-77 
13 
-14 
-67 
-35 
-78 
19 
-82 
93 
93 
55 
3 
2 
9 
-98 
-39 
38 
87 
70 
47 
20 
-33 
81 
12 
97 
20 
-63 
95 
-38 
-67 
-72 
-3 
-80 
48 
-43 
-21 
36 
-73 
-5 
80 
-29 
-26 
-2 
-54 
-20 
83 
14 
-11 
56 
-50 
-18 
4 
-73 
-78 
-16 
74 
47 
-46 
-1 
36 
22 
-63 
50 
-97 
67 
51 
46 
-86 
-17 
-85 
-9 
52 
43 
33 
-73 
98 
99 
-60 
-89 
99 
-6 
42 
72 
-88 
-95 
33 
41 
92 
79 
24 
-48 
-11 
82 
-25 
-20 
53 
10 
30 
62 
-72 
35 
-4 
-39 
22 
-25 
-56 
-8 
38 
-56 
22 
89 
-25 
-31 
41 
26 
-68 
62 
82 
5 
61 
-23 
78 
-81 
51 
-26 
-68 
18 
27 
62 
-9 
-82 
92 
-1 
-18 
43 
15 
95 
45 
-8 
-83 
55 
-70 
30 
54 
37 
77 
-36 
84 
-52 
-77 
-25 
-63 
-12 
-98 
11 
-88 
-57 
76 
-57 
92 
26 
70 
13 
8 
-35 
-38 
5 
61 
-24 
-9 
-29 
-92 
-96 
-11 
26 
-3 
45 
21 
-27 
28 
-44 
10 
61 
46 
76 
45 
90 
29 
-74 
49 
-75 
-58 
-86 
-43 
56 
-72 
26 
-47 
8 
68 
-23 
82 
45 
-74 
-4 
-97 
5 
-62 
49 
-70 
-22 
99 
-23 
-96 
-13 
71 
59 
2 
90 
14 
-88 
-44 
64 
13 
-68 
-67 
2 
-4 
43 
34 
-39 
-45 
-57 
-33 
-12 
-48 
60 
-90 
-89 
93 
-67 
-22 
88 
-54 
75 
52 
35 
-68 
74 
-66 
50 
62 
-23 
-41 
13 
-39 
-99 
-59 
84 
81 
-24 
-77 
-27 
-50 
15 
14 
-15 
53 
28 
48 
35 
-55 
83 
73 
36 
-98 
-73 
-87 
-72 
-9 
96 
44 
3 
-90 
20 
-77 
78 
-35 
-6 
71 
-81 
49 
-12 
77 
-41 
-11 
62 
26 
-98 
-3 
-91 
77 
-92 
33 
13 
33 
66 
-21 
45 
20 
-52 
-30 
31 
59 
70 
93 
35 
-52 
-3 
-31 
-6 
-47 
-32 
61 
8 
-98 
22 
-58 
60 
79 
-38 
-91 
44 
96 
-61 
-88 
-8 
-8 
-56 
43 
-30 
-21 
-68 
71 
-54 
61 
55 
15 
34 
37 
-33 
-98 
75 
-22 
-56 
-36 
17 
-94 
64 
-70 
-51 
-99 
48 
79 
32 
93 
60 
-84 
-34 
81 
38 
96 
-53 
2 
30 
50 
23 
-57 
-51 
-25 
-84 
92 
86 
52 
-10 
45 
82 
56 
81 
-97 
23 
-29 
-39 
-75 
-40 
-50 
39 
16 
-9 
18 
76 
-41 
63 
14 
-22 
43 
36 
46 
57 
-8 
-24 
-80 
29 
83 
77 
-94 
-79 
-15 
-46 
77 
59 
46 
96 
23 
-75 
-39 
-72 
50 
84 
-85 
67 
43 
-13 
75 
-49 
-13 
23 
45 
16 
-27 
32 
-32 
-6 
-21 
-49 
15 
44 
70 
-70 
-33 
39 
5 
89 
80 
-13 
-53 
-82 
40 
52 
-83 
-11 
-88 
-51 
-12 
-32 
19 
40 
46 
-31 
89 
45 
-38 
73 
32 
-4 
-11 
-74 
9 
3 
-34 
-11 
-90 
92 
-45 
-51 
22 
-94 
27 
52 
94 
41 
68 
-61 
-82 
44 
2 
41 
9 
-37 
-42 
-60 
2 
37 
-26 
-81 
9 
10 
-79 
-2 
64 
-48 
-93 
89 
81 
-16 
38 
24 
58 
9 
49 
-91 
-86 
-78 
-76 
-60 
-80 
84 
-69 
17 
66 
-57 
94 
62 
-32 
-90 
64 
55 
36 
57 
47 
-82 
-3 
85 
-53 
-66 
-50 
59 
-80 
-3 
-75 
13 
-10 
-75 
26 
-72 
33 
39 
-47 
63 
75 
77 
75 
73 
56 
-21 
-87 
-76 
-39 
-95 
27 
69 
-45 
39 
-66 
-18 
-5 
57 
1 
-27 
-21 
-7 
89 
-23 
-82 
33 
92 
92 
-97 
16 
-39 
21 
-36 
-56 
27 
82 
66 
-69 
89 
-31 
24 
-90 
35 
28 
-4 
87 
-40 
-2 
-64 
-99 
71 
7 
27 
-61 
15 
-1 
-79 
-10 
43 
-63 
-90 
76 
-93 
-85 
31 
-78 
65 
20 
93 
-62 
25 
-31 
33 
-44 
-82 
99 
72 
85 
86 
29 
-8 
0 
-2 
87 
-7 
94 
54 
-57 
56 
-71 
-86 
-55 
-45 
20 
-85 
80 
-68 
-89 
-20 
29 
-57 
63 
55 
-75 
75 
-69 
71 
8 
-49 
91 
-71 
-8 
50 
-61 
85 
-9 
-87 
-10 
2 
55 
1 
95 
-55 
-43 
-5 
-16 
46 
62 
-70 
-64 
-3 
37 
49 
-18 
73 
15 
-51 
-99 
-45 
-80 
-46 
29 
77 
-69 
-29 
30 
18 
-21 
-91 
-62 
29 
-56 
-46 
-82 
35 
-62 
0 
74 
76 
-43 
85 
-15 
-84 
0 
-8 
34 
77 
23 
-81 
-61 
-7 
65 
88 
78 
-66 
-51 
78 
78 
84 
54 
-39 
57 
9 
-5 
21 
86 
-16 
80 
91 
44 
9 
13 
-30 
33 
-59 
25 
27 
-91 
-8 
-11 
-88 
-11 
-29 
62 
-67 
51 
45 
15 
41 
62 
-58 
-15 
13 
-57 
-43 
80 
15 
31 
75 
-9 
23 
-48 
87 
-77 
97 
-20 
-45 
-33 
95 
-89 
94 
98 
13 
44 
-57 
-45 
86 
58 
-48 
90 
-99 
63 
-27 
-36 
90 
-14 
36 
21 
38 
-99 
-58 
22 
-14 
-47 
43 
68 
37 
-1 
-38 
-92 
14 
37 
-82 
-47 
79 
77 
