-16 
-41 
63 
-31 
-76 
-40 
-59 
46 
-48 
85 
65 
-20 
72 
61 
-13 
-7 
0 
-99 
-2 
13 
28 
-6 
13 
94 
-23 
70 
37 
30 
-50 
-55 
64 
48 
72 
17 
16 
-94 
63 
22 
6 
-65 
72 
-85 
28 
4 
-69 
69 
51 
99 
66 
-16 
-70 
-5 
6 
88 
85 
-34 
31 
88 
92 
42 
-24 
-18 
-5 
-56 
-15 
36 
61 
-83 
-97 
27 
-13 
18 
-30 
42 
-1 
-26 
-17 
48 
34 
-14 
95 
-23 
76 
76 
81 
12 
54 
95 
-76 
-94 
48 
-29 
-95 
-57 
0 
-45 
-62 
55 
-53 
88 
-24 
94 
7 
-5 
-48 
73 
20 
-79 
48 
99 
-62 
58 
-62 
-61 
-98 
-80 
32 
92 
98 
80 
87 
-19 
-83 
56 
-83 
-64 
12 
33 
29 
98 
-30 
-88 
22 
-72 
70 
-10 
43 
-9 
59 
31 
44 
18 
93 
53 
74 
-42 
55 
89 
30 
-96 
-89 
62 
79 
-67 
85 
51 
17 
90 
-32 
-61 
29 
-48 
-53 
22 
78 
-84 
-93 
38 
-39 
94 
-18 
68 
49 
-93 
81 
-87 
-43 
-75 
-86 
-10 
79 
-82 
-27 
70 
-76 
-4 
81 
-89 
-26 
-90 
-11 
13 
19 
-37 
92 
41 
-38 
12 
50 
57 
-4 
-87 
-70 
58 
-80 
-85 
89 
72 
93 
13 
67 
70 
21 
29 
26 
-74 
-22 
-23 
20 
18 
30 
79 
64 
33 
-53 
30 
-14 
86 
-90 
-61 
-68 
82 
43 
-12 
-79 
2 
-45 
38 
15 
5 
-61 
-80 
12 
-12 
-25 
-47 
-32 
85 
34 
6 
66 
89 
-40 
-64 
5 
52 
48 
-92 
94 
97 
-77 
54 
-73 
58 
74 
98 
61 
-65 
-53 
-89 
-61 
-73 
29 
-3 
-97 
64 
0 
-49 
75 
-52 
64 
14 
34 
-52 
86 
37 
79 
6 
-45 
80 
-23 
-4 
-42 
-85 
80 
-94 
24 
-79 
-91 
-40 
44 
-50 
93 
10 
-95 
22 
-82 
12 
-47 
-54 
33 
-80 
70 
38 
43 
27 
-76 
51 
-46 
-62 
-94 
85 
1 
-95 
99 
32 
52 
-98 
74 
80 
-42 
78 
68 
20 
-86 
82 
-20 
38 
88 
88 
-94 
-30 
73 
49 
-53 
-37 
-78 
-71 
33 
-21 
92 
-51 
82 
-5 
63 
-58 
40 
-58 
54 
-13 
0 
61 
15 
-47 
-67 
56 
-36 
-28 
-10 
63 
-3 
23 
75 
-55 
17 
22 
25 
11 
-98 
-26 
96 
-86 
-24 
-93 
-52 
-63 
18 
85 
-93 
-84 
-53 
-66 
10 
-19 
44 
74 
23 
-22 
44 
14 
-74 
-24 
-35 
-62 
61 
-35 
29 
-48 
6 
-39 
-81 
12 
41 
-20 
84 
-37 
-96 
73 
89 
-42 
-81 
-16 
-45 
-85 
-52 
-14 
88 
71 
-26 
-84 
-3 
-6 
-39 
-99 
-15 
69 
66 
-63 
-1 
56 
97 
4 
-71 
-46 
-53 
-50 
30 
-30 
31 
-73 
64 
78 
-11 
-61 
-9 
79 
-64 
-59 
84 
37 
8 
-13 
84 
55 
12 
-79 
-88 
-70 
8 
71 
-72 
30 
-80 
-15 
86 
-84 
-94 
29 
-84 
-21 
-82 
48 
47 
67 
-2 
-17 
58 
25 
-64 
53 
-84 
-24 
70 
35 
-92 
-40 
40 
-69 
-50 
-76 
-13 
-92 
-72 
-65 
-56 
-2 
63 
-90 
53 
-84 
-27 
12 
-28 
46 
-45 
44 
-52 
-8 
-60 
41 
-90 
-81 
2 
31 
-24 
88 
-36 
13 
-53 
-7 
95 
-79 
69 
-71 
24 
-18 
29 
99 
-32 
-70 
-35 
-31 
77 
-9 
0 
-33 
34 
-60 
8 
-32 
78 
60 
-17 
-64 
-13 
0 
-20 
-68 
-34 
60 
-99 
-71 
75 
50 
-14 
-93 
-18 
75 
-55 
-88 
-30 
50 
48 
-60 
65 
46 
-78 
-7 
-19 
36 
99 
25 
-99 
49 
-38 
-66 
83 
-90 
-78 
53 
51 
0 
-30 
-49 
-43 
-2 
41 
45 
82 
11 
16 
-49 
5 
-43 
31 
58 
-31 
-99 
-4 
30 
-32 
-68 
-22 
69 
-7 
8 
89 
-52 
-55 
-44 
86 
-25 
10 
-19 
45 
-51 
40 
41 
-20 
79 
15 
32 
-96 
-77 
27 
80 
9 
10 
89 
-81 
-60 
83 
-40 
90 
8 
91 
-82 
0 
-51 
-35 
-96 
-33 
-78 
59 
-42 
20 
8 
-68 
8 
29 
24 
56 
-80 
-57 
87 
79 
66 
-47 
81 
-21 
35 
-26 
-17 
-39 
32 
-8 
-26 
-20 
-7 
-66 
4 
70 
-15 
-80 
-3 
-79 
-33 
-21 
0 
-37 
6 
79 
37 
91 
81 
87 
6 
67 
-81 
67 
56 
27 
80 
39 
-56 
28 
14 
94 
36 
-71 
-71 
55 
53 
87 
90 
8 
-87 
40 
-24 
39 
-1 
-20 
8 
95 
39 
25 
-27 
7 
-63 
-72 
57 
97 
60 
33 
-84 
-50 
47 
-79 
-81 
-32 
-39 
29 
-85 
-53 
57 
-76 
-74 
9 
37 
-92 
-20 
-62 
-39 
84 
13 
3 
21 
-3 
97 
-53 
-75 
9 
26 
-46 
23 
-63 
-26 
26 
-50 
-48 
-65 
-23 
71 
-55 
-50 
-55 
6 
-97 
23 
12 
96 
-34 
-39 
-64 
30 
-20 
-67 
44 
19 
82 
85 
-55 
-90 
31 
29 
84 
89 
35 
-67 
29 
-2 
93 
-95 
-6 
-34 
-40 
-11 
37 
47 
25 
59 
-55 
-21 
73 
-52 
93 
6 
91 
77 
76 
-27 
53 
-16 
17 
-63 
-7 
-47 
71 
-89 
-20 
95 
92 
20 
-69 
-95 
63 
94 
13 
72 
39 
78 
-16 
94 
21 
26 
8 
0 
-50 
-25 
28 
-77 
-45 
44 
-79 
72 
84 
-19 
4 
67 
15 
21 
-65 
16 
54 
-11 
-81 
-14 
-52 
-75 
-63 
-31 
-89 
-73 
-82 
8 
24 
-81 
25 
71 
-11 
-46 
52 
-33 
34 
-68 
-32 
-65 
0 
34 
-94 
-22 
0 
-58 
-90 
30 
-12 
10 
-23 
88 
73 
-98 
12 
78 
-14 
91 
-46 
31 
-37 
-24 
-8 
22 
14 
39 
-56 
41 
66 
-50 
29 
-80 
41 
63 
-38 
-5 
-65 
-60 
1 
72 
-36 
-48 
-6 
-55 
35 
-78 
16 
-94 
-41 
-88 
-86 
65 
-74 
18 
10 
34 
-99 
-40 
94 
-33 
63 
77 
-38 
-51 
-76 
-86 
-92 
44 
-47 
4 
6 
-30 
34 
-49 
-41 
34 
87 
35 
-57 
13 
12 
82 
-16 
-43 
-74 
-44 
49 
-5 
15 
28 
-57 
17 
94 
-4 
70 
70 
-37 
-85 
3 
-68 
-33 
39 
-41 
80 
-41 
85 
-1 
49 
6 
38 
16 
38 
-8 
