18 
64 
60 
40 
-2 
65 
-14 
-61 
-31 
-90 
28 
-52 
36 
35 
40 
-59 
-12 
-31 
-83 
-49 
42 
53 
-48 
-72 
13 
-17 
97 
-84 
19 
-10 
-60 
62 
-66 
-51 
65 
-73 
-99 
-20 
76 
73 
-6 
-71 
-86 
-90 
-16 
71 
71 
-75 
55 
81 
25 
78 
-8 
98 
-29 
61 
-44 
-95 
58 
-13 
-10 
52 
-24 
-21 
57 
-25 
-38 
20 
96 
-19 
68 
53 
62 
27 
-23 
-89 
-8 
21 
-46 
31 
66 
43 
-15 
57 
-41 
62 
42 
-44 
27 
87 
15 
-74 
-76 
-73 
94 
77 
41 
-41 
-21 
-87 
-45 
-79 
-48 
-66 
50 
-97 
-63 
33 
38 
76 
-75 
0 
-82 
21 
37 
-54 
-99 
95 
-38 
11 
51 
11 
-59 
80 
99 
-66 
-89 
2 
-75 
-7 
-82 
42 
-29 
6 
35 
73 
95 
79 
50 
-53 
6 
14 
-41 
-47 
-93 
56 
14 
-61 
-78 
74 
-53 
87 
81 
-48 
-35 
-83 
-9 
-86 
69 
85 
-56 
-79 
-59 
-70 
16 
81 
39 
45 
32 
-31 
-55 
-1 
4 
-47 
74 
72 
-54 
-68 
19 
-68 
35 
35 
-34 
14 
52 
85 
20 
-74 
-82 
-48 
84 
13 
-88 
-99 
12 
-6 
-3 
-43 
-7 
75 
-55 
13 
-13 
80 
35 
89 
38 
74 
41 
-46 
-70 
86 
35 
35 
85 
-7 
-2 
-36 
-89 
-23 
0 
92 
17 
-23 
-76 
78 
61 
98 
-52 
14 
-92 
-83 
71 
-35 
-90 
53 
-81 
-47 
-70 
-60 
80 
-55 
-48 
73 
-59 
-2 
-41 
-61 
61 
-92 
99 
-76 
26 
5 
46 
55 
-26 
-39 
83 
29 
46 
-28 
38 
7 
-67 
46 
-9 
66 
-86 
98 
-69 
7 
69 
-26 
57 
33 
52 
92 
-25 
55 
-84 
96 
93 
-82 
44 
-57 
-36 
-76 
51 
29 
-71 
26 
-16 
-61 
48 
28 
87 
76 
-77 
-83 
92 
59 
-38 
40 
63 
-7 
66 
67 
30 
47 
-64 
69 
68 
-73 
-55 
84 
60 
32 
72 
-62 
37 
-33 
84 
13 
83 
-2 
16 
28 
10 
-97 
-55 
29 
33 
79 
26 
-67 
-18 
96 
95 
-51 
10 
82 
69 
8 
-40 
-48 
-16 
91 
-60 
73 
95 
-85 
47 
57 
25 
34 
80 
-43 
61 
-64 
-92 
16 
-89 
42 
4 
33 
-95 
74 
73 
-60 
-54 
0 
-38 
32 
64 
76 
37 
-5 
-18 
69 
18 
90 
27 
25 
-95 
33 
66 
0 
-22 
-36 
-45 
-89 
69 
45 
-91 
-5 
-15 
61 
70 
-21 
29 
-16 
62 
-69 
23 
-38 
-39 
42 
-94 
-5 
-56 
-56 
-77 
-1 
-80 
33 
52 
58 
33 
94 
-82 
-16 
-58 
76 
-17 
75 
86 
-18 
52 
-74 
-29 
64 
15 
-64 
66 
70 
80 
-7 
49 
14 
-94 
-82 
-58 
-33 
-22 
-35 
-70 
87 
31 
-25 
-57 
62 
10 
-62 
-98 
-39 
-89 
-64 
92 
-81 
97 
42 
13 
-33 
-64 
-20 
-37 
90 
-14 
-64 
-89 
-13 
33 
-72 
-26 
8 
-60 
-59 
20 
93 
15 
-89 
-64 
55 
-58 
-88 
61 
-50 
7 
-34 
-1 
-16 
87 
-85 
32 
-52 
-5 
-93 
-22 
6 
-57 
31 
75 
10 
-81 
-3 
-23 
-19 
-29 
59 
59 
30 
-51 
90 
-23 
24 
57 
38 
71 
79 
-71 
-95 
-83 
72 
-93 
-10 
59 
15 
-15 
68 
-54 
62 
4 
-31 
-14 
49 
63 
50 
80 
-38 
-5 
-66 
-38 
-17 
-50 
-75 
-74 
-31 
9 
59 
-70 
-54 
17 
66 
-85 
64 
27 
1 
99 
-54 
66 
14 
-89 
71 
96 
-61 
-16 
-67 
76 
93 
-91 
68 
-85 
85 
-34 
-98 
-46 
-13 
-71 
-43 
-63 
56 
16 
45 
91 
-86 
-50 
-83 
92 
80 
88 
-62 
-94 
88 
63 
-78 
81 
-13 
12 
-12 
-54 
17 
61 
80 
26 
-65 
-33 
-52 
78 
25 
38 
-68 
61 
-37 
40 
-71 
-97 
-73 
-53 
5 
-8 
91 
-82 
22 
-67 
-8 
-56 
84 
22 
12 
-5 
-48 
-16 
-88 
-22 
8 
44 
53 
-7 
80 
-57 
-96 
-75 
-14 
-25 
34 
-32 
-9 
84 
7 
76 
-73 
5 
-18 
5 
-63 
93 
91 
84 
-54 
62 
-35 
-73 
60 
26 
-39 
-1 
45 
34 
65 
91 
48 
9 
0 
-49 
-81 
-23 
76 
-76 
32 
19 
34 
-70 
-68 
85 
-64 
-89 
67 
91 
-1 
-27 
72 
63 
-99 
51 
11 
85 
-15 
-42 
-82 
-37 
44 
58 
17 
-7 
-77 
26 
-91 
40 
80 
-46 
-8 
-24 
68 
-57 
-36 
-63 
-35 
-4 
9 
-22 
57 
24 
56 
-95 
-45 
89 
63 
45 
-17 
-43 
49 
-26 
30 
55 
16 
-92 
93 
-29 
-51 
61 
5 
41 
52 
25 
67 
68 
-45 
65 
-51 
-23 
95 
42 
-44 
-71 
-23 
-3 
-65 
14 
-75 
94 
-2 
-89 
-42 
-12 
0 
98 
35 
59 
82 
31 
32 
91 
6 
90 
68 
-25 
80 
38 
59 
-22 
-22 
44 
-10 
-25 
76 
37 
-89 
-98 
37 
37 
51 
-72 
-12 
-1 
58 
-61 
-85 
-88 
70 
86 
96 
2 
81 
58 
-63 
86 
73 
-62 
5 
-66 
90 
-61 
79 
48 
77 
-62 
-62 
-59 
-37 
-51 
-12 
-77 
43 
13 
-51 
18 
-42 
79 
69 
-44 
-6 
31 
41 
-85 
86 
12 
-42 
-71 
96 
-56 
-80 
-41 
-90 
-48 
24 
99 
23 
-41 
-73 
67 
-25 
-4 
-97 
-74 
-29 
49 
-50 
-35 
86 
-85 
2 
-51 
89 
57 
86 
-44 
-1 
-16 
35 
80 
36 
27 
49 
1 
46 
-22 
-68 
12 
-49 
-72 
97 
67 
47 
88 
-94 
61 
1 
14 
69 
38 
71 
80 
30 
77 
-77 
18 
-14 
-99 
-33 
42 
-22 
99 
-29 
76 
-83 
-32 
70 
41 
79 
-43 
1 
-98 
29 
40 
-38 
-18 
-27 
-22 
6 
99 
58 
-83 
22 
-67 
34 
-85 
-23 
-49 
38 
-45 
93 
41 
15 
-84 
-52 
-91 
71 
-52 
-93 
-99 
71 
39 
-73 
-23 
37 
3 
94 
76 
-91 
93 
40 
-63 
11 
-47 
25 
34 
32 
42 
77 
99 
46 
95 
36 
-31 
-81 
28 
-71 
76 
48 
-26 
12 
-6 
44 
-51 
21 
47 
-77 
44 
83 
2 
44 
57 
-69 
-80 
21 
6 
44 
-62 
36 
-45 
29 
54 
53 
62 
-38 
10 
7 
2 
62 
