-16 
39 
44 
-37 
-82 
-39 
-4 
-92 
-44 
-72 
-74 
-7 
38 
18 
-57 
-1 
44 
-18 
79 
37 
-14 
-93 
26 
72 
10 
-27 
-40 
63 
7 
95 
30 
83 
16 
65 
-93 
39 
14 
72 
-16 
-78 
66 
-22 
86 
-52 
75 
-32 
-56 
20 
-13 
81 
18 
40 
40 
-70 
-16 
21 
-51 
37 
-76 
25 
-90 
-16 
-85 
75 
2 
-5 
56 
-25 
-17 
-20 
-95 
-82 
-10 
98 
62 
-94 
77 
-62 
47 
-45 
2 
17 
39 
38 
-62 
91 
69 
-27 
73 
-95 
-12 
-15 
-20 
34 
-76 
-95 
-56 
2 
87 
-96 
67 
-9 
72 
-50 
-81 
-47 
-44 
27 
-81 
-84 
-58 
75 
74 
-50 
-46 
0 
71 
22 
-6 
-27 
-7 
72 
-51 
-68 
79 
-33 
3 
87 
22 
-9 
72 
16 
86 
84 
-42 
91 
-10 
-35 
-45 
27 
-16 
-94 
68 
-25 
78 
-11 
81 
-7 
-94 
-94 
46 
-74 
-92 
-86 
-46 
-3 
-76 
-89 
-78 
-1 
59 
-52 
-15 
-27 
-3 
-47 
38 
36 
-72 
47 
13 
-46 
92 
29 
-23 
-72 
41 
-22 
37 
-41 
-18 
-76 
-81 
41 
-67 
-60 
-98 
-31 
13 
17 
-1 
-66 
-7 
93 
-49 
-87 
44 
-31 
-4 
64 
88 
22 
8 
-61 
-66 
23 
-70 
95 
-49 
8 
-45 
51 
94 
-38 
77 
22 
-52 
5 
-52 
20 
70 
60 
1 
20 
10 
37 
-67 
24 
-26 
22 
3 
-39 
3 
91 
-30 
-12 
56 
49 
-94 
95 
-66 
30 
18 
-85 
23 
25 
-82 
-84 
58 
64 
29 
70 
10 
-52 
42 
-21 
-4 
32 
-1 
-61 
-40 
-75 
96 
10 
-72 
-5 
-6 
47 
50 
-37 
41 
17 
-61 
-1 
-22 
-1 
-44 
-40 
-24 
-61 
78 
37 
8 
31 
-38 
16 
21 
81 
34 
10 
-89 
2 
33 
-74 
-92 
62 
-90 
-35 
11 
-67 
-47 
84 
56 
1 
-89 
14 
0 
-79 
14 
-71 
-86 
-15 
-3 
-75 
-3 
-8 
64 
48 
42 
-90 
54 
-36 
-13 
8 
-81 
-3 
89 
-9 
-85 
9 
60 
-93 
-69 
-93 
41 
-11 
6 
75 
14 
39 
44 
96 
64 
27 
-31 
-80 
1 
-42 
88 
-85 
-27 
82 
-12 
-16 
-66 
79 
-1 
5 
69 
22 
-12 
-3 
-57 
-85 
98 
-26 
-99 
54 
-17 
54 
-10 
-15 
-92 
68 
95 
34 
-81 
-90 
27 
-52 
8 
-79 
-33 
-61 
10 
41 
28 
41 
-82 
4 
-40 
62 
-96 
-20 
18 
62 
-79 
-95 
85 
-95 
11 
50 
95 
-93 
81 
99 
-51 
29 
-40 
-17 
6 
52 
63 
10 
79 
-95 
-6 
1 
55 
-16 
6 
-33 
-18 
15 
52 
81 
48 
-64 
-95 
63 
71 
-57 
-15 
58 
8 
34 
82 
97 
-30 
1 
-46 
-63 
71 
41 
12 
61 
-44 
-40 
-82 
95 
49 
-50 
38 
88 
69 
90 
-4 
42 
-12 
-86 
93 
18 
-19 
-56 
-20 
0 
-43 
-18 
-49 
-19 
57 
41 
90 
-38 
18 
97 
41 
18 
-80 
-14 
86 
-89 
-39 
-50 
-77 
3 
72 
-8 
-98 
68 
94 
7 
-40 
63 
-82 
-63 
6 
31 
60 
91 
-60 
-26 
-91 
-90 
69 
-27 
-39 
97 
-30 
12 
9 
76 
12 
4 
22 
-97 
24 
-61 
12 
32 
72 
91 
78 
42 
85 
26 
-22 
1 
43 
-13 
2 
66 
38 
55 
-11 
71 
73 
59 
-81 
-25 
-4 
91 
-2 
25 
0 
40 
-26 
-43 
17 
32 
-52 
-77 
84 
94 
35 
9 
-45 
85 
-8 
16 
19 
47 
45 
-40 
-17 
17 
68 
-44 
-18 
29 
41 
-2 
42 
-22 
-45 
46 
-33 
49 
-97 
-47 
23 
-64 
-15 
-64 
-23 
32 
6 
85 
-30 
0 
-54 
21 
-46 
14 
46 
-99 
54 
44 
34 
-95 
-23 
-57 
2 
-6 
-42 
50 
-95 
-75 
-83 
50 
66 
82 
86 
-66 
-19 
-64 
40 
-25 
-99 
66 
-38 
79 
73 
45 
-69 
-32 
6 
36 
-53 
-14 
88 
0 
-77 
-30 
97 
-74 
9 
64 
73 
58 
14 
17 
95 
-1 
22 
88 
16 
-35 
-95 
50 
68 
33 
-97 
63 
-75 
-71 
-33 
-95 
4 
-85 
7 
-85 
44 
-43 
-42 
-3 
37 
-18 
-35 
21 
3 
-25 
4 
-19 
47 
53 
82 
52 
92 
0 
-86 
73 
-62 
68 
11 
-62 
19 
-83 
92 
-1 
-78 
25 
21 
73 
97 
39 
20 
2 
21 
56 
26 
42 
-89 
0 
85 
-22 
-56 
74 
-36 
59 
-87 
9 
40 
36 
-24 
0 
-6 
-63 
24 
84 
-31 
22 
32 
-88 
-80 
17 
-6 
-82 
-80 
-13 
94 
49 
-33 
-71 
91 
50 
-33 
60 
-73 
-85 
-1 
-23 
-78 
35 
3 
16 
40 
-21 
80 
56 
-42 
35 
-22 
53 
82 
68 
20 
-86 
-21 
43 
-94 
37 
-81 
-77 
29 
0 
21 
25 
28 
8 
-44 
62 
-19 
7 
37 
30 
85 
45 
76 
33 
90 
0 
-19 
-55 
22 
-28 
-5 
-13 
-3 
68 
-54 
12 
47 
40 
-32 
24 
-12 
-97 
-42 
27 
-90 
94 
-36 
96 
-97 
-49 
8 
75 
-89 
-90 
7 
78 
58 
-61 
50 
-46 
74 
-99 
74 
23 
-58 
-12 
-25 
-8 
-89 
-99 
32 
9 
9 
-27 
-4 
-23 
-41 
33 
41 
77 
-59 
-23 
50 
-1 
-5 
77 
-65 
41 
-93 
94 
60 
-89 
42 
-35 
-55 
65 
17 
-38 
-99 
-80 
-99 
-97 
-51 
82 
41 
-30 
-67 
-38 
63 
-2 
-61 
12 
69 
19 
-26 
92 
-51 
-12 
66 
-48 
58 
-48 
19 
36 
-23 
70 
86 
-90 
-58 
-67 
-90 
-48 
-10 
-11 
49 
-71 
4 
-36 
28 
-65 
0 
-31 
0 
-81 
-34 
-89 
17 
90 
-75 
12 
68 
13 
22 
69 
84 
84 
12 
-46 
19 
80 
-4 
11 
-63 
75 
-1 
-53 
-73 
79 
93 
28 
64 
33 
72 
-74 
-43 
38 
-77 
22 
-72 
10 
55 
-21 
2 
-14 
-93 
-10 
73 
-14 
-28 
6 
24 
-39 
-96 
-9 
-18 
62 
-1 
-99 
-13 
-61 
-23 
-34 
-89 
-88 
28 
51 
86 
-91 
94 
-43 
45 
-34 
45 
17 
-34 
-32 
-69 
-14 
-56 
-59 
6 
39 
-36 
-54 
-50 
11 
47 
-42 
-45 
79 
-70 
-4 
43 
28 
-57 
9 
-1 
47 
-4 
30 
-23 
-39 
71 
55 
