-89 
-53 
-1 
81 
-35 
95 
95 
-13 
-47 
-97 
-48 
-35 
-93 
58 
-34 
75 
21 
10 
43 
-62 
32 
0 
1 
38 
-65 
-89 
-31 
-72 
63 
-49 
59 
8 
75 
-52 
27 
54 
68 
69 
-45 
93 
-59 
27 
70 
-11 
-78 
25 
45 
81 
-41 
13 
57 
-58 
38 
30 
-48 
-10 
4 
51 
-92 
-71 
53 
-69 
-36 
7 
-40 
-17 
-15 
87 
-8 
0 
59 
78 
-71 
-50 
18 
45 
76 
-38 
65 
-7 
29 
-15 
11 
-76 
-48 
44 
7 
-61 
-13 
80 
63 
73 
-95 
-31 
34 
57 
-73 
89 
-95 
-38 
-4 
-39 
9 
60 
-30 
-69 
48 
-82 
4 
-60 
-63 
-49 
-8 
18 
54 
32 
-19 
9 
-70 
6 
-37 
-94 
-11 
66 
-93 
72 
60 
-96 
-30 
-80 
-28 
82 
-40 
76 
5 
-89 
-18 
34 
-47 
-56 
98 
66 
-53 
93 
-33 
34 
70 
63 
-40 
54 
-49 
49 
-61 
-49 
29 
-89 
97 
31 
34 
61 
48 
78 
2 
19 
-26 
4 
-91 
-52 
-4 
78 
-62 
-36 
99 
-58 
-14 
13 
-98 
-60 
-79 
17 
18 
89 
15 
-78 
-90 
-8 
64 
-39 
-72 
-76 
88 
-78 
56 
-69 
40 
85 
24 
-72 
74 
-73 
-4 
66 
-31 
48 
32 
-35 
64 
36 
-53 
39 
29 
64 
-60 
-58 
88 
-33 
82 
70 
-7 
45 
-63 
34 
-17 
2 
1 
-62 
53 
-36 
-99 
21 
77 
28 
-73 
-72 
-41 
59 
-54 
88 
89 
84 
4 
71 
-69 
-39 
-59 
-91 
-44 
30 
-72 
35 
-44 
-62 
57 
-27 
-19 
84 
-20 
44 
-32 
53 
-20 
-64 
13 
46 
-78 
11 
25 
-36 
15 
-49 
4 
-90 
-93 
-17 
-78 
-84 
92 
97 
-57 
-51 
-40 
-72 
39 
21 
-68 
79 
9 
-26 
-7 
14 
61 
-16 
-45 
62 
23 
-47 
25 
-95 
47 
-19 
39 
-43 
-83 
-24 
-22 
97 
43 
-44 
-87 
85 
13 
-95 
-48 
-42 
-80 
3 
-23 
92 
-75 
-82 
75 
37 
-92 
-34 
-24 
-82 
-85 
66 
56 
-6 
38 
-81 
1 
-21 
90 
43 
-69 
-90 
30 
-38 
23 
42 
-71 
-98 
89 
-84 
36 
-60 
34 
-66 
-25 
-51 
98 
-5 
-53 
74 
27 
-22 
-65 
60 
75 
-92 
61 
-82 
97 
24 
-61 
69 
-27 
-41 
85 
-95 
13 
7 
-69 
-32 
-38 
-77 
-94 
-25 
-27 
-59 
-60 
-90 
-90 
94 
76 
63 
-56 
80 
69 
4 
-61 
-75 
-38 
-53 
24 
29 
-51 
30 
-17 
29 
87 
-81 
28 
92 
-9 
-16 
-90 
-52 
-74 
-10 
16 
13 
-46 
83 
-54 
-56 
46 
99 
33 
-87 
51 
-10 
36 
-31 
-49 
-7 
-50 
-22 
-24 
73 
60 
-10 
10 
80 
19 
21 
24 
-41 
70 
-74 
32 
36 
-53 
-67 
-36 
-51 
-85 
-50 
-21 
-76 
-98 
97 
-83 
-48 
82 
-31 
62 
28 
32 
-70 
-79 
92 
85 
32 
6 
-9 
94 
53 
-86 
-7 
19 
29 
39 
24 
45 
-80 
-6 
65 
99 
-39 
27 
80 
9 
-68 
-69 
25 
16 
-77 
-34 
10 
-63 
-93 
-88 
-73 
89 
37 
-56 
74 
80 
-42 
-53 
81 
-56 
0 
-96 
-4 
2 
-92 
-66 
55 
99 
86 
-49 
45 
68 
46 
10 
97 
-61 
30 
80 
-87 
-96 
70 
-51 
-64 
69 
-43 
-83 
22 
-21 
-23 
-45 
-80 
19 
-43 
-61 
6 
-83 
-40 
-85 
-62 
67 
31 
98 
-91 
85 
51 
46 
-15 
45 
42 
-85 
19 
-82 
10 
-38 
41 
99 
23 
61 
-82 
49 
-55 
-10 
-20 
47 
-97 
76 
-20 
-50 
31 
57 
-3 
58 
48 
35 
-44 
-39 
-76 
-52 
-45 
0 
-80 
-70 
-7 
-92 
76 
-42 
78 
42 
-8 
40 
75 
-50 
-67 
38 
-20 
20 
58 
-41 
-2 
-55 
-8 
77 
-70 
26 
37 
94 
-54 
-36 
-45 
49 
-57 
21 
-24 
-33 
-36 
-61 
-44 
-60 
-1 
44 
-40 
-68 
95 
-95 
-35 
-23 
75 
-40 
-44 
-89 
-30 
-26 
-11 
-99 
-9 
-61 
99 
40 
83 
-99 
52 
-66 
11 
91 
42 
-28 
56 
-97 
-24 
-62 
22 
62 
-12 
33 
-57 
57 
68 
4 
-95 
-17 
-30 
20 
96 
-45 
82 
51 
31 
82 
-85 
-94 
77 
-23 
97 
57 
16 
33 
75 
64 
91 
29 
0 
-15 
98 
14 
-85 
-32 
18 
51 
78 
55 
44 
35 
82 
97 
-44 
-89 
30 
29 
10 
3 
-32 
-84 
55 
87 
-86 
-75 
-39 
-85 
40 
75 
-88 
33 
-12 
-17 
-7 
-37 
85 
60 
-98 
80 
-24 
-55 
-86 
-41 
84 
27 
-14 
52 
-46 
18 
12 
-28 
-17 
29 
91 
46 
47 
-80 
58 
-91 
-73 
63 
-38 
26 
-50 
-87 
57 
-32 
-11 
13 
-88 
-19 
25 
-70 
77 
-61 
-91 
54 
90 
21 
91 
-99 
72 
-59 
-84 
-37 
60 
63 
3 
-98 
91 
11 
-95 
1 
-65 
79 
79 
-17 
92 
34 
-44 
-66 
-98 
-7 
21 
-37 
-70 
13 
-42 
22 
21 
48 
-87 
63 
13 
69 
69 
-67 
6 
-5 
-66 
42 
-82 
90 
-27 
-46 
31 
19 
13 
-73 
-99 
65 
82 
53 
74 
-81 
-8 
60 
29 
93 
81 
9 
16 
-38 
-82 
-18 
-98 
-13 
41 
-41 
-37 
-55 
16 
26 
34 
1 
-56 
1 
-1 
8 
47 
29 
-7 
-4 
11 
-60 
-47 
3 
24 
-95 
-31 
66 
8 
-25 
33 
35 
42 
-21 
94 
-70 
88 
38 
-61 
-14 
56 
-63 
23 
86 
71 
-86 
-36 
-64 
8 
99 
-80 
76 
74 
-67 
46 
-3 
-25 
64 
-37 
39 
-31 
-6 
-88 
30 
-57 
76 
-57 
89 
1 
-20 
47 
-68 
-34 
-38 
26 
-51 
16 
-23 
-53 
18 
19 
-52 
13 
69 
9 
53 
58 
6 
37 
1 
7 
-54 
-72 
46 
-2 
73 
14 
11 
-29 
55 
30 
25 
80 
-89 
8 
-94 
13 
-64 
33 
-49 
-22 
-11 
93 
86 
85 
-79 
98 
55 
-13 
46 
-78 
61 
-48 
20 
27 
-61 
55 
-62 
29 
-29 
-11 
-23 
58 
69 
44 
80 
56 
-6 
-12 
-20 
-66 
96 
30 
94 
75 
-91 
72 
92 
-98 
25 
21 
-42 
-9 
30 
54 
-37 
45 
59 
63 
33 
-40 
57 
-88 
-13 
-83 
-61 
21 
28 
-56 
22 
68 
