-15 
-33 
-38 
83 
-65 
-2 
61 
92 
-34 
-68 
-98 
-49 
1 
87 
72 
33 
-63 
-92 
26 
7 
73 
-3 
-16 
-91 
97 
64 
-23 
53 
26 
-2 
-98 
69 
58 
67 
52 
21 
17 
-21 
-62 
82 
-26 
-94 
-78 
-26 
80 
-10 
92 
97 
-88 
-32 
99 
25 
-53 
-91 
-97 
26 
0 
-93 
-16 
-23 
31 
48 
-22 
-71 
-68 
-48 
-66 
-4 
-9 
1 
-73 
-40 
-33 
-98 
66 
-5 
-68 
60 
76 
47 
32 
94 
16 
-73 
84 
17 
-67 
-25 
-91 
47 
13 
0 
-90 
-84 
39 
-34 
-90 
-5 
-27 
-77 
-37 
95 
22 
-69 
80 
-53 
24 
-91 
-38 
15 
-2 
99 
17 
22 
79 
-14 
-6 
-49 
-64 
53 
85 
92 
-24 
56 
66 
77 
21 
63 
-29 
19 
-58 
48 
-99 
55 
94 
10 
-56 
93 
-31 
90 
21 
69 
-53 
20 
-46 
4 
16 
-31 
89 
48 
-24 
16 
54 
-76 
88 
-51 
64 
-88 
79 
71 
66 
1 
-25 
-42 
99 
18 
-41 
71 
-8 
-9 
-43 
-49 
65 
40 
-19 
-49 
24 
-9 
55 
39 
-20 
19 
-93 
13 
-28 
6 
70 
56 
-63 
61 
-27 
63 
0 
66 
51 
-9 
-64 
67 
-42 
17 
-61 
-2 
54 
12 
0 
43 
91 
-39 
11 
-55 
29 
-48 
28 
57 
-57 
-71 
95 
-65 
-91 
-44 
-43 
-95 
-46 
-36 
65 
-78 
55 
55 
-56 
3 
-38 
-30 
31 
7 
-70 
-37 
-16 
-74 
90 
71 
-83 
-44 
-91 
52 
-68 
-2 
-49 
-96 
52 
-69 
-72 
8 
-58 
-54 
97 
-21 
21 
41 
93 
-34 
-49 
-96 
-27 
-26 
-47 
78 
19 
-9 
-6 
-74 
-20 
-22 
-50 
2 
62 
-56 
36 
16 
-52 
-59 
-90 
-78 
80 
-87 
-1 
58 
80 
-20 
72 
-31 
42 
77 
10 
-57 
26 
56 
90 
28 
16 
-95 
54 
84 
0 
34 
-75 
57 
-61 
60 
-87 
-33 
35 
-30 
-99 
98 
89 
58 
-47 
-91 
88 
-62 
-86 
-69 
-83 
6 
61 
-1 
-25 
-77 
83 
53 
68 
66 
42 
32 
29 
-21 
41 
50 
54 
-60 
-65 
76 
-87 
78 
-84 
29 
5 
88 
-84 
19 
-33 
7 
47 
-51 
-18 
-44 
98 
-82 
-9 
83 
45 
96 
-95 
-6 
-86 
-12 
41 
68 
-44 
51 
76 
-93 
43 
-52 
-55 
-71 
68 
-73 
-28 
22 
-10 
23 
-28 
-28 
-95 
-69 
-70 
-52 
82 
76 
-2 
-73 
35 
9 
81 
44 
-7 
85 
-34 
82 
-31 
-1 
-21 
-28 
14 
72 
-49 
-90 
92 
-38 
48 
62 
74 
62 
-39 
43 
20 
-5 
6 
-48 
37 
62 
-67 
-50 
82 
67 
-61 
45 
-77 
-29 
84 
84 
42 
-20 
3 
69 
-24 
98 
72 
60 
68 
38 
-46 
76 
-82 
-9 
8 
70 
49 
11 
20 
-81 
96 
-27 
-52 
-31 
77 
-61 
64 
-89 
-2 
-52 
-60 
3 
97 
-56 
-2 
60 
-19 
-47 
-77 
-16 
-38 
12 
-51 
72 
-83 
-7 
73 
81 
-14 
-21 
-49 
-19 
-51 
-96 
-52 
1 
55 
76 
-23 
50 
15 
7 
71 
-91 
37 
-16 
-71 
92 
-50 
-18 
-36 
74 
69 
20 
99 
-41 
-80 
48 
56 
34 
-27 
-85 
50 
-78 
38 
-28 
39 
10 
76 
68 
-68 
-94 
76 
-76 
50 
60 
-37 
19 
-30 
18 
-80 
17 
98 
63 
-49 
66 
-7 
-69 
60 
-6 
-89 
3 
11 
91 
42 
48 
14 
-24 
77 
7 
94 
-60 
7 
-83 
-28 
4 
89 
22 
16 
17 
76 
49 
53 
-75 
96 
-26 
62 
-16 
-89 
60 
93 
-48 
36 
93 
-30 
26 
-50 
97 
-21 
-28 
-3 
43 
63 
52 
-99 
0 
-3 
-17 
-65 
-74 
94 
78 
34 
92 
-21 
69 
13 
15 
49 
-19 
92 
12 
1 
-23 
-86 
69 
86 
80 
70 
11 
99 
83 
14 
-78 
-74 
41 
10 
-23 
70 
-73 
-59 
-14 
-12 
84 
67 
45 
71 
-73 
38 
7 
-56 
44 
-24 
-91 
93 
-23 
-59 
91 
-44 
-83 
65 
29 
94 
12 
-72 
20 
36 
25 
28 
-49 
96 
-16 
-19 
74 
-58 
-75 
-50 
-26 
77 
54 
-46 
-85 
19 
51 
-30 
28 
-60 
-83 
49 
27 
56 
-5 
-54 
97 
82 
-68 
-33 
52 
98 
9 
-7 
-20 
52 
72 
2 
-53 
97 
-93 
-13 
-6 
-38 
69 
72 
61 
0 
85 
65 
41 
18 
-7 
85 
-28 
-6 
-72 
-31 
1 
44 
12 
-57 
96 
66 
0 
-28 
0 
-79 
64 
97 
67 
61 
96 
-29 
-99 
-85 
-39 
95 
63 
65 
10 
-56 
65 
-22 
40 
-74 
59 
-33 
-9 
83 
5 
-31 
-14 
64 
-64 
73 
-48 
-72 
55 
0 
-7 
81 
47 
11 
78 
69 
-96 
12 
-53 
37 
-97 
-41 
-98 
31 
61 
37 
89 
-32 
74 
-37 
-58 
-57 
48 
10 
70 
-18 
-31 
47 
5 
-52 
61 
-2 
-59 
14 
38 
-1 
34 
33 
79 
51 
26 
-42 
-71 
23 
-18 
-4 
-45 
25 
-11 
-75 
-99 
50 
85 
43 
-84 
-6 
42 
20 
85 
10 
94 
79 
42 
63 
-2 
-3 
-93 
-14 
77 
98 
-88 
56 
-22 
65 
75 
80 
22 
18 
-40 
45 
8 
9 
6 
-49 
1 
-42 
-15 
-35 
88 
39 
44 
37 
46 
35 
96 
52 
66 
77 
72 
80 
-39 
3 
-50 
44 
-3 
22 
-12 
34 
-4 
-8 
46 
-25 
-12 
24 
17 
-5 
-13 
-50 
88 
69 
76 
10 
-35 
-97 
-63 
39 
96 
-17 
-53 
-76 
-39 
42 
92 
-73 
5 
-39 
-33 
-22 
23 
19 
-2 
96 
-68 
-95 
-2 
-75 
-98 
46 
96 
28 
18 
-40 
-41 
44 
73 
54 
-57 
-71 
90 
-47 
-70 
82 
46 
27 
-78 
97 
62 
-62 
-98 
-13 
-28 
-38 
41 
-2 
-87 
-50 
83 
41 
78 
-5 
-46 
84 
88 
-27 
65 
-87 
62 
-32 
-18 
41 
-83 
-94 
-51 
-67 
-92 
-5 
17 
56 
-27 
-26 
-95 
60 
-88 
50 
8 
-25 
45 
50 
-66 
44 
27 
-40 
-94 
0 
-65 
32 
68 
46 
-74 
-40 
-49 
90 
38 
85 
69 
97 
-75 
4 
13 
80 
-49 
68 
87 
-30 
57 
-59 
-35 
46 
52 
-86 
-87 
21 
51 
-60 
6 
-12 
-16 
1 
96 
56 
47 
