9 
-82 
39 
-7 
-2 
-24 
-16 
21 
-12 
-78 
24 
88 
-42 
40 
-87 
42 
-5 
-38 
-15 
49 
-49 
30 
44 
-41 
69 
44 
96 
-7 
20 
-15 
2 
18 
-67 
-60 
-28 
-30 
78 
45 
-56 
-55 
-56 
91 
20 
72 
-69 
-39 
42 
88 
-87 
-78 
-87 
76 
-49 
35 
-95 
-99 
-84 
-46 
-61 
11 
21 
-2 
-71 
-49 
37 
-62 
-48 
-13 
50 
-52 
21 
-52 
-23 
4 
53 
64 
-52 
34 
95 
73 
91 
26 
-75 
11 
96 
-7 
83 
4 
93 
-80 
67 
-65 
-3 
-73 
2 
-69 
63 
-97 
-2 
-19 
-15 
-15 
65 
-48 
55 
57 
13 
-93 
0 
-29 
-15 
98 
-39 
86 
90 
-62 
33 
28 
-84 
9 
-31 
66 
-84 
-32 
16 
41 
53 
79 
87 
-7 
-19 
63 
-45 
-45 
-14 
24 
-32 
35 
-98 
40 
76 
35 
14 
12 
95 
-2 
64 
-27 
-66 
73 
-47 
-54 
-75 
85 
-56 
73 
14 
-75 
7 
88 
64 
91 
-89 
-50 
-92 
-18 
-12 
11 
25 
-56 
20 
82 
-66 
72 
45 
-25 
-72 
-97 
0 
27 
-23 
11 
-26 
0 
12 
-30 
85 
-84 
-54 
37 
77 
-75 
98 
-63 
5 
42 
-71 
1 
-52 
80 
-47 
-65 
13 
37 
-31 
53 
3 
25 
30 
-58 
88 
58 
-73 
46 
97 
12 
-10 
-32 
1 
-67 
-70 
30 
-65 
6 
-90 
-39 
-69 
-77 
79 
-26 
-21 
-49 
-70 
-23 
-56 
67 
49 
-1 
23 
-6 
-22 
47 
89 
-71 
-79 
41 
60 
69 
-4 
37 
34 
-98 
-94 
-26 
-54 
86 
-92 
96 
-43 
-47 
15 
-23 
12 
-41 
-53 
-19 
-64 
-37 
-54 
-34 
-53 
45 
-47 
-43 
-79 
-99 
8 
22 
32 
30 
-7 
83 
89 
-10 
-99 
63 
-98 
-58 
84 
-5 
94 
3 
30 
39 
-88 
42 
36 
14 
86 
-15 
72 
-76 
-71 
-49 
16 
-6 
91 
98 
-95 
-59 
16 
-47 
10 
35 
-38 
54 
35 
-48 
22 
-63 
-69 
-87 
-25 
-66 
-81 
99 
19 
35 
-40 
33 
-28 
-99 
-11 
-37 
-2 
-85 
0 
88 
-34 
47 
69 
30 
5 
-76 
-77 
56 
92 
28 
86 
-81 
-79 
-67 
11 
-14 
-1 
30 
-39 
73 
6 
22 
68 
75 
-89 
73 
-54 
-76 
41 
0 
-38 
24 
74 
-80 
30 
-56 
-92 
82 
-56 
11 
99 
-9 
20 
-60 
92 
41 
-41 
-79 
39 
49 
65 
-85 
67 
-79 
-57 
-83 
-16 
85 
-89 
60 
25 
66 
78 
81 
12 
-38 
-55 
-21 
-60 
95 
55 
98 
-62 
56 
73 
-98 
47 
-72 
30 
-70 
-56 
-62 
-10 
-56 
-97 
-80 
-69 
-86 
39 
-66 
-34 
48 
-25 
-6 
28 
78 
81 
-38 
73 
-7 
-84 
-71 
-10 
16 
-48 
94 
32 
-74 
98 
90 
31 
-99 
-95 
26 
27 
84 
-80 
-68 
-47 
-70 
-38 
22 
83 
-72 
-3 
18 
-17 
-93 
93 
-80 
-32 
50 
-19 
-60 
-49 
-30 
43 
-81 
-43 
-71 
15 
-53 
-52 
76 
62 
14 
90 
92 
-72 
-56 
91 
-96 
48 
91 
-29 
-15 
69 
-9 
78 
19 
5 
-93 
59 
-3 
-86 
-8 
-60 
-41 
-30 
80 
80 
-86 
-6 
4 
-11 
23 
-54 
7 
-14 
96 
24 
-13 
44 
-46 
30 
96 
-85 
74 
-10 
-4 
14 
29 
1 
-7 
-65 
16 
-5 
11 
-72 
78 
-15 
79 
7 
48 
94 
22 
59 
62 
-27 
-84 
32 
87 
59 
54 
75 
10 
63 
92 
59 
-23 
46 
92 
-67 
14 
72 
-19 
-97 
71 
-33 
69 
58 
-60 
-99 
-23 
58 
22 
98 
-24 
31 
-8 
60 
-25 
53 
-99 
2 
-21 
-54 
-26 
68 
-98 
-71 
48 
47 
36 
92 
66 
-66 
-16 
-66 
69 
-28 
-84 
57 
17 
43 
-21 
-30 
39 
-28 
-18 
47 
-9 
13 
7 
15 
-45 
48 
-44 
63 
-55 
58 
18 
87 
47 
-1 
82 
28 
-24 
84 
-81 
73 
31 
-45 
-46 
40 
-91 
-53 
-68 
99 
99 
29 
-45 
-32 
-20 
-97 
-96 
67 
5 
1 
89 
-19 
-35 
-74 
76 
77 
60 
-34 
-67 
54 
84 
-10 
82 
0 
42 
-81 
71 
-5 
-69 
97 
-85 
-15 
64 
-4 
-92 
-86 
-27 
18 
68 
59 
-96 
-16 
-51 
4 
54 
-61 
-78 
80 
35 
40 
-65 
77 
94 
-93 
19 
-95 
28 
-65 
99 
67 
87 
-72 
-97 
-36 
-1 
2 
70 
-74 
63 
-76 
43 
65 
82 
44 
-76 
-47 
-92 
-21 
68 
-65 
27 
-23 
78 
79 
-82 
-11 
87 
59 
-19 
20 
35 
-94 
-52 
96 
-11 
-81 
55 
79 
96 
23 
64 
-24 
74 
-58 
17 
19 
53 
-7 
52 
66 
78 
22 
-23 
34 
-98 
37 
35 
-38 
-95 
1 
4 
36 
-7 
12 
-30 
22 
-40 
23 
3 
-44 
14 
-89 
-13 
-74 
-6 
54 
31 
-34 
68 
-42 
11 
-41 
-83 
26 
45 
63 
-10 
-99 
0 
-82 
38 
93 
-37 
95 
38 
65 
98 
-71 
-81 
-8 
16 
74 
-54 
93 
-6 
-44 
-5 
75 
94 
12 
-60 
98 
24 
-50 
-34 
89 
9 
-34 
-85 
54 
-92 
-75 
87 
-99 
-87 
-77 
-98 
30 
30 
-30 
-98 
-25 
86 
25 
-12 
13 
-15 
-95 
81 
-15 
63 
-30 
-95 
-94 
44 
-99 
-81 
31 
99 
-60 
-6 
26 
-46 
10 
52 
28 
-41 
-72 
-33 
-14 
-54 
-41 
69 
8 
-24 
12 
38 
-22 
-62 
29 
-70 
-41 
-51 
0 
-97 
84 
74 
-36 
-7 
-25 
-79 
-8 
-81 
82 
-85 
-36 
-10 
9 
61 
20 
-62 
-86 
22 
49 
-76 
-77 
-57 
-46 
-28 
47 
89 
89 
-85 
90 
42 
-27 
38 
-9 
-41 
-80 
13 
55 
15 
68 
66 
69 
-13 
-97 
12 
-34 
-77 
16 
-32 
-58 
52 
59 
-48 
-36 
49 
-22 
-31 
95 
32 
-35 
8 
-25 
26 
13 
8 
-19 
-45 
-13 
59 
70 
93 
-3 
-67 
0 
-84 
28 
28 
-2 
-87 
89 
-6 
-4 
34 
-90 
-35 
40 
-48 
0 
0 
37 
45 
13 
-91 
81 
-62 
28 
69 
-51 
76 
-40 
-18 
-66 
-77 
81 
53 
53 
72 
24 
-46 
62 
22 
-57 
-18 
-34 
-99 
95 
-93 
-60 
-94 
-90 
81 
30 
41 
75 
38 
18 
53 
-29 
-76 
