10 
-54 
-95 
46 
45 
62 
17 
-31 
23 
-14 
85 
-56 
-42 
81 
92 
-22 
29 
-43 
84 
76 
-4 
6 
99 
-73 
-32 
16 
-32 
-85 
-43 
-82 
-73 
1 
16 
66 
28 
48 
-73 
-18 
89 
-60 
79 
-92 
51 
-21 
-46 
85 
33 
-9 
-57 
-27 
-71 
72 
-54 
91 
6 
8 
-36 
-44 
-9 
6 
-25 
89 
-3 
-61 
3 
38 
-87 
-45 
94 
41 
97 
87 
-9 
70 
-95 
70 
-93 
-21 
-55 
-78 
32 
-30 
37 
92 
-40 
-27 
77 
-38 
-66 
-7 
8 
-62 
20 
73 
90 
-68 
-45 
-81 
76 
-8 
33 
12 
94 
86 
-13 
-87 
-35 
76 
29 
-55 
-34 
96 
28 
36 
48 
-55 
19 
80 
-96 
-91 
-10 
24 
66 
-14 
-99 
63 
25 
19 
93 
-72 
-94 
9 
72 
49 
-29 
-44 
54 
67 
-24 
-63 
-79 
93 
28 
38 
-40 
65 
68 
48 
99 
76 
-88 
-81 
-97 
47 
-35 
-15 
47 
73 
36 
73 
-2 
-86 
54 
-43 
87 
20 
53 
-64 
0 
44 
2 
-84 
57 
-60 
34 
-24 
87 
18 
89 
-13 
-38 
21 
-92 
61 
-63 
52 
29 
67 
18 
-40 
95 
22 
20 
-15 
36 
-2 
-15 
24 
-70 
-47 
-51 
-96 
6 
-24 
-62 
20 
-51 
54 
-95 
37 
35 
86 
-48 
-62 
-73 
-13 
-67 
54 
84 
-42 
-43 
-76 
-71 
-48 
85 
34 
19 
-21 
21 
-3 
2 
29 
-45 
-73 
-40 
-94 
31 
-59 
-62 
47 
11 
-42 
-42 
-51 
85 
17 
-62 
32 
18 
16 
-44 
-62 
37 
-7 
-64 
-35 
-83 
-55 
-2 
-55 
-99 
49 
83 
-77 
13 
1 
19 
47 
-37 
60 
51 
27 
-58 
51 
-92 
21 
-68 
54 
49 
97 
36 
98 
69 
15 
-97 
-33 
-57 
65 
-42 
82 
77 
-90 
55 
1 
-14 
42 
-93 
55 
84 
45 
0 
68 
67 
43 
-93 
-17 
0 
6 
33 
-81 
87 
-25 
-53 
69 
-21 
-77 
-44 
-33 
-1 
85 
-58 
54 
-23 
57 
-34 
92 
78 
-90 
58 
75 
79 
36 
-47 
0 
74 
-11 
79 
-64 
98 
90 
0 
5 
50 
1 
56 
15 
15 
-39 
26 
-76 
-26 
-48 
-61 
84 
-99 
-36 
90 
-82 
11 
-77 
-79 
-71 
-4 
-98 
11 
-4 
40 
20 
-25 
24 
-30 
59 
-94 
29 
81 
-14 
94 
45 
76 
-19 
45 
74 
-64 
34 
74 
82 
78 
97 
45 
-56 
67 
27 
45 
-23 
-53 
25 
-57 
-81 
73 
-64 
-14 
-35 
-40 
-26 
1 
26 
8 
-63 
63 
-5 
-93 
38 
-60 
-1 
-71 
-6 
-25 
59 
45 
54 
-76 
-57 
-8 
-65 
23 
-67 
11 
-75 
-73 
-20 
82 
-60 
-27 
-75 
-75 
57 
4 
57 
66 
49 
85 
7 
99 
-77 
90 
29 
40 
-95 
-42 
83 
-63 
31 
-97 
-6 
42 
74 
7 
-83 
33 
41 
-73 
73 
-16 
27 
-75 
71 
-73 
-99 
-8 
30 
91 
25 
-93 
-70 
79 
-82 
71 
-91 
-24 
-21 
86 
80 
-33 
54 
58 
-97 
50 
65 
-27 
-50 
15 
-97 
-3 
13 
-78 
-89 
13 
58 
46 
15 
49 
76 
88 
83 
83 
40 
-93 
-80 
-69 
-11 
4 
-70 
-63 
-62 
93 
-31 
-6 
94 
0 
12 
-10 
-83 
-59 
75 
49 
74 
-82 
-99 
-95 
-42 
-96 
91 
1 
99 
-95 
-87 
-56 
-15 
23 
64 
-73 
-9 
42 
-98 
-62 
99 
49 
-9 
37 
-40 
-11 
-69 
95 
1 
-61 
63 
-92 
93 
-57 
-18 
7 
89 
27 
-40 
-60 
-62 
43 
-24 
45 
-72 
19 
-17 
-52 
-30 
-71 
-58 
-22 
-72 
39 
-39 
-11 
-80 
40 
35 
99 
-59 
91 
76 
66 
90 
58 
71 
21 
-34 
13 
68 
-34 
-60 
52 
36 
-84 
-52 
-47 
-64 
12 
-15 
33 
21 
41 
-13 
60 
4 
17 
-89 
-40 
-73 
-22 
-35 
-44 
92 
-69 
75 
-17 
80 
-65 
18 
-81 
-90 
10 
-22 
-64 
91 
68 
-56 
-96 
40 
79 
28 
-89 
-44 
-90 
69 
-76 
-41 
-21 
-78 
-25 
-91 
3 
-38 
-98 
73 
-12 
-50 
-82 
-52 
58 
6 
65 
-68 
-90 
0 
94 
21 
96 
94 
-28 
68 
-19 
29 
-90 
95 
-79 
35 
11 
-97 
-48 
54 
-59 
45 
-54 
78 
-86 
-1 
-8 
0 
98 
-65 
1 
-75 
-88 
-60 
-45 
88 
37 
-42 
-56 
-16 
74 
63 
-26 
1 
-34 
40 
-24 
65 
-65 
-98 
-85 
61 
-80 
52 
82 
5 
-75 
-14 
-93 
77 
-99 
0 
-71 
-95 
58 
26 
-82 
-12 
70 
1 
-17 
83 
29 
25 
-25 
57 
-98 
23 
-45 
-85 
-85 
45 
-31 
-25 
-52 
79 
78 
-15 
-41 
93 
-69 
-99 
-3 
28 
-3 
-97 
23 
-19 
45 
-52 
63 
1 
22 
58 
-98 
73 
37 
8 
-88 
-14 
75 
-97 
23 
-17 
-47 
-61 
-35 
19 
-83 
81 
-18 
-69 
75 
20 
64 
48 
92 
-26 
90 
68 
95 
-66 
80 
69 
-24 
66 
37 
-6 
73 
50 
-11 
56 
46 
66 
61 
52 
-62 
7 
54 
-90 
20 
-30 
-67 
73 
-12 
28 
-58 
-27 
67 
61 
50 
99 
-92 
38 
-82 
9 
86 
89 
-24 
-79 
-37 
33 
-95 
76 
-94 
-68 
-8 
42 
61 
-26 
31 
-75 
-20 
39 
-4 
-29 
-71 
55 
-28 
54 
59 
60 
-28 
4 
-6 
29 
79 
2 
78 
0 
-71 
-78 
16 
83 
0 
66 
12 
81 
-11 
6 
88 
-68 
-92 
-80 
-59 
77 
-15 
60 
-95 
82 
57 
-98 
56 
-14 
57 
86 
58 
41 
-52 
78 
-89 
12 
53 
54 
-70 
76 
-45 
52 
30 
-85 
80 
10 
-24 
6 
-20 
-36 
62 
-85 
-78 
93 
-10 
56 
-65 
-3 
-38 
-44 
-21 
-61 
31 
81 
-39 
-17 
-60 
-93 
18 
39 
54 
-88 
60 
6 
-80 
3 
-25 
60 
65 
88 
90 
57 
20 
-47 
-39 
-89 
0 
4 
79 
83 
55 
32 
1 
15 
35 
-4 
-18 
-58 
29 
-91 
-47 
-15 
63 
-62 
-25 
44 
-93 
-2 
-4 
-7 
-47 
-83 
-5 
0 
-16 
98 
-77 
-41 
97 
84 
-7 
61 
-98 
15 
86 
54 
-2 
-55 
67 
-20 
-43 
-78 
-94 
-12 
55 
-79 
-3 
43 
90 
63 
83 
44 
-5 
-78 
27 
-98 
