-66 
-46 
-51 
0 
-78 
17 
-83 
-76 
-97 
57 
9 
44 
-36 
59 
31 
-92 
45 
-46 
36 
38 
91 
-37 
-63 
-7 
-73 
-1 
64 
15 
-26 
-36 
22 
40 
-82 
-44 
-68 
-86 
-36 
26 
-66 
-73 
88 
56 
31 
9 
-70 
-83 
-29 
31 
81 
66 
52 
54 
-49 
-10 
-8 
-38 
-42 
-44 
-47 
-98 
-99 
-50 
56 
-22 
9 
41 
-80 
-72 
46 
-40 
-69 
85 
64 
-18 
-16 
-17 
-85 
17 
-96 
0 
3 
65 
23 
80 
19 
32 
-56 
51 
-32 
-39 
50 
-34 
61 
46 
-14 
24 
-13 
-22 
87 
57 
-38 
75 
-54 
94 
86 
51 
-26 
11 
-81 
87 
-26 
36 
72 
22 
-42 
-46 
-7 
-56 
-25 
94 
37 
57 
-7 
-95 
41 
27 
32 
-81 
7 
55 
36 
93 
-52 
-89 
-84 
-50 
22 
5 
30 
-73 
98 
-84 
22 
15 
0 
2 
17 
-40 
6 
-38 
53 
45 
68 
-20 
-59 
-13 
-55 
67 
33 
-85 
79 
95 
1 
47 
-73 
-62 
46 
39 
96 
-65 
-83 
-71 
-48 
12 
-89 
75 
-28 
-20 
50 
29 
80 
48 
45 
-8 
34 
27 
-42 
19 
69 
75 
29 
-67 
-20 
-67 
-79 
52 
13 
20 
50 
8 
-88 
11 
-18 
79 
-45 
-16 
-9 
-20 
-84 
-81 
73 
-6 
-13 
78 
20 
-39 
-2 
57 
-72 
-91 
-67 
10 
86 
56 
52 
68 
-22 
96 
-83 
-56 
32 
95 
-35 
-40 
38 
90 
84 
-1 
-40 
50 
40 
-90 
57 
-51 
-96 
-65 
99 
64 
53 
-10 
6 
-75 
93 
47 
71 
74 
24 
-15 
62 
-37 
-89 
-46 
-8 
-58 
10 
-20 
14 
61 
15 
-86 
-65 
-62 
18 
-41 
85 
-38 
72 
-59 
11 
67 
16 
67 
-84 
-32 
36 
-67 
48 
-76 
63 
76 
38 
54 
0 
72 
-30 
-37 
-89 
77 
-19 
-68 
13 
-24 
10 
2 
-8 
-74 
-39 
30 
58 
-6 
-73 
-30 
-58 
16 
-22 
94 
67 
-13 
-70 
89 
36 
77 
-61 
41 
5 
-52 
-56 
67 
-27 
77 
79 
-13 
-80 
-45 
-77 
-72 
-91 
70 
41 
14 
45 
-16 
-30 
48 
-73 
79 
83 
78 
-2 
-31 
73 
28 
-94 
9 
33 
-95 
-55 
-50 
-44 
46 
-99 
0 
-19 
-4 
-73 
-71 
-28 
-25 
-10 
20 
1 
-68 
-39 
84 
-55 
83 
70 
-73 
96 
-98 
56 
-56 
23 
28 
57 
-80 
87 
38 
56 
39 
-14 
69 
-55 
-35 
-79 
2 
-74 
52 
84 
-62 
10 
-35 
32 
77 
31 
3 
-78 
84 
-13 
-49 
-70 
7 
99 
9 
-41 
-91 
21 
-39 
52 
44 
-69 
83 
55 
-46 
-25 
-43 
-32 
-68 
-59 
34 
22 
87 
-9 
75 
45 
9 
-48 
24 
63 
56 
42 
-80 
71 
78 
-31 
-8 
-60 
-10 
-84 
8 
84 
98 
-68 
43 
37 
33 
32 
-89 
-47 
-45 
10 
-95 
-4 
-18 
-17 
-34 
-54 
46 
48 
-30 
35 
-50 
56 
-28 
-10 
44 
-10 
-60 
-60 
-18 
29 
16 
89 
28 
-53 
25 
69 
48 
-85 
-37 
58 
-81 
74 
-12 
54 
-51 
-21 
76 
70 
67 
0 
84 
75 
-61 
-99 
-77 
19 
38 
-62 
-36 
-91 
84 
-73 
-12 
33 
-18 
80 
-75 
-92 
-57 
-91 
-96 
36 
-47 
-31 
-14 
-15 
28 
68 
-30 
87 
37 
9 
28 
11 
-13 
18 
14 
-84 
87 
-46 
-32 
-87 
3 
-85 
-23 
-37 
-67 
-34 
22 
27 
99 
-68 
-94 
22 
15 
38 
-54 
45 
16 
-50 
-26 
-65 
-36 
-60 
-38 
99 
89 
-74 
56 
37 
-79 
-91 
-70 
-84 
-29 
49 
-82 
12 
58 
-22 
16 
-84 
46 
-5 
-47 
-62 
-43 
-99 
-75 
20 
-23 
44 
85 
81 
-55 
19 
46 
60 
-68 
-57 
-26 
83 
-25 
13 
39 
41 
58 
0 
39 
-45 
-25 
-58 
16 
-61 
42 
-96 
27 
-27 
-71 
-62 
13 
33 
-78 
-78 
-15 
-63 
67 
-23 
-43 
-14 
-5 
47 
81 
35 
10 
-83 
-60 
84 
-3 
-57 
8 
-47 
-62 
39 
-89 
67 
19 
96 
-50 
-30 
70 
97 
-57 
-63 
62 
-16 
-31 
-99 
56 
-24 
-5 
-43 
-41 
33 
21 
-52 
-75 
75 
20 
5 
-1 
18 
98 
8 
-84 
1 
-26 
57 
66 
-52 
-70 
-83 
-39 
-17 
-17 
73 
49 
0 
28 
7 
-48 
70 
-31 
-63 
61 
-63 
56 
84 
65 
-6 
62 
-6 
-32 
-87 
7 
84 
23 
99 
-22 
26 
18 
-79 
-85 
-68 
56 
65 
-79 
-73 
-21 
-40 
88 
91 
-20 
-96 
-43 
53 
-60 
-63 
-46 
-36 
-13 
-76 
83 
66 
66 
-2 
88 
-15 
10 
-9 
45 
-29 
-34 
71 
81 
92 
86 
88 
-61 
-36 
77 
27 
-89 
-83 
13 
-20 
10 
-43 
-24 
89 
-16 
-70 
-23 
54 
50 
-96 
-84 
-22 
82 
41 
-84 
82 
0 
80 
31 
-28 
29 
51 
74 
28 
24 
77 
-39 
-24 
-98 
-9 
-19 
19 
-54 
66 
89 
98 
-44 
20 
-42 
58 
-81 
9 
-72 
-74 
30 
-42 
-50 
-86 
63 
-79 
-86 
-92 
14 
48 
83 
-47 
68 
-81 
-95 
74 
-67 
91 
-71 
-85 
-25 
61 
24 
-20 
-61 
-43 
49 
-26 
-2 
-27 
-29 
-69 
-42 
22 
60 
-45 
-8 
12 
-71 
11 
36 
64 
-77 
36 
38 
4 
-37 
-73 
-21 
-97 
-96 
62 
-17 
82 
49 
-62 
95 
77 
-61 
29 
-59 
29 
9 
-76 
95 
-22 
88 
39 
52 
15 
-18 
-95 
80 
-56 
-79 
0 
58 
-4 
-75 
-7 
94 
5 
-45 
-67 
-65 
-78 
-61 
-32 
-78 
-71 
44 
-24 
-91 
-63 
6 
96 
55 
-64 
-1 
-83 
30 
-61 
-9 
-49 
37 
0 
-99 
-97 
14 
-17 
-33 
82 
-98 
10 
-85 
73 
33 
42 
-76 
-39 
-7 
84 
-52 
-77 
-51 
-10 
27 
4 
-67 
-64 
-62 
84 
-92 
-13 
-41 
71 
-45 
-91 
-9 
24 
-85 
24 
-41 
1 
79 
-63 
73 
4 
80 
22 
-92 
-97 
49 
24 
-99 
51 
-92 
91 
0 
-5 
35 
57 
61 
-77 
81 
-37 
-51 
69 
-87 
-50 
12 
19 
42 
-1 
-94 
84 
36 
1 
-77 
45 
-27 
41 
-7 
3 
88 
53 
27 
-47 
-23 
22 
45 
41 
-28 
81 
3 
-58 
50 
40 
-16 
