-71 
1 
82 
96 
73 
36 
-62 
-51 
1 
88 
-60 
71 
-59 
92 
-44 
99 
30 
-70 
87 
56 
11 
46 
-51 
-82 
20 
41 
-78 
81 
88 
-37 
93 
19 
-70 
58 
-68 
-37 
-51 
-67 
7 
-22 
68 
26 
86 
57 
-59 
-43 
-44 
-50 
75 
-98 
61 
-48 
62 
-93 
-99 
72 
94 
96 
-56 
-40 
52 
83 
-49 
86 
-21 
0 
97 
99 
-26 
-10 
-6 
5 
91 
-22 
-80 
66 
37 
58 
-88 
-29 
-63 
27 
-13 
-87 
-19 
-43 
-22 
43 
22 
61 
81 
9 
47 
-76 
30 
-58 
49 
80 
-3 
-97 
58 
-47 
-63 
72 
73 
70 
-74 
-95 
-98 
94 
80 
-58 
-17 
-94 
36 
-56 
-38 
-6 
-9 
-15 
-57 
1 
-51 
40 
98 
31 
-8 
-36 
11 
56 
-29 
-42 
-49 
28 
67 
90 
-67 
98 
-56 
90 
-42 
-22 
19 
65 
33 
70 
-60 
68 
-83 
49 
-72 
-19 
49 
43 
83 
73 
55 
77 
60 
-20 
44 
60 
-39 
-5 
34 
-43 
77 
-69 
-61 
-39 
-49 
-36 
-27 
20 
-37 
-23 
68 
-15 
-35 
-84 
-86 
28 
64 
16 
-51 
87 
51 
-61 
-37 
18 
-89 
60 
-11 
84 
72 
8 
48 
84 
13 
-6 
-41 
54 
-3 
64 
-74 
-89 
-29 
-47 
-17 
-58 
22 
64 
97 
-7 
-94 
22 
95 
-36 
5 
-53 
-67 
-19 
-45 
17 
-28 
-22 
14 
-72 
54 
56 
-9 
-21 
53 
62 
-88 
66 
7 
-96 
79 
26 
-35 
-3 
-73 
-70 
-15 
-45 
-7 
-33 
-7 
-67 
67 
-76 
62 
1 
67 
-76 
-97 
75 
84 
35 
35 
70 
-22 
-83 
28 
-27 
10 
-90 
82 
83 
-16 
85 
7 
45 
-99 
-15 
28 
99 
-36 
-40 
-65 
52 
-80 
22 
88 
-94 
-79 
26 
-64 
-64 
96 
-45 
94 
1 
35 
-16 
-21 
-94 
91 
-86 
66 
20 
4 
36 
55 
-86 
35 
62 
40 
-51 
27 
31 
48 
-74 
25 
7 
89 
51 
68 
33 
7 
85 
68 
-64 
-69 
-14 
2 
98 
-98 
51 
-79 
-28 
13 
-64 
14 
30 
-31 
44 
42 
33 
27 
32 
-2 
89 
-21 
-55 
-98 
57 
86 
16 
91 
31 
47 
84 
-80 
74 
-75 
66 
-21 
-58 
-18 
29 
-88 
-75 
-6 
-10 
-98 
79 
-1 
65 
52 
35 
90 
-23 
75 
-61 
40 
-90 
-12 
-44 
54 
8 
-71 
86 
-40 
-25 
31 
-91 
80 
55 
44 
24 
-87 
47 
-30 
98 
51 
14 
-95 
31 
3 
-25 
0 
11 
75 
-88 
-32 
-99 
-55 
48 
84 
39 
-77 
-98 
-74 
-34 
-45 
-56 
-89 
-84 
-21 
58 
57 
68 
12 
-50 
10 
-66 
-69 
-8 
-65 
3 
-90 
-30 
25 
38 
-37 
-10 
6 
-61 
-99 
-45 
-45 
-8 
-19 
10 
0 
94 
-65 
75 
96 
-24 
-57 
24 
66 
-73 
0 
53 
49 
42 
-75 
74 
-58 
64 
-89 
24 
54 
-30 
-33 
49 
66 
31 
67 
-89 
-26 
-91 
61 
34 
17 
70 
25 
-6 
-30 
34 
46 
23 
-23 
-66 
33 
-24 
-12 
44 
59 
-57 
-35 
93 
8 
3 
-70 
-98 
50 
-15 
40 
-57 
21 
-16 
15 
-94 
-64 
98 
-2 
-80 
10 
-29 
53 
-11 
30 
-84 
1 
-15 
-14 
83 
83 
85 
78 
90 
83 
76 
88 
24 
49 
53 
-65 
84 
-56 
74 
-34 
60 
-98 
-20 
-18 
61 
-68 
14 
-40 
31 
59 
23 
-82 
-34 
46 
-29 
15 
86 
-52 
16 
-91 
-63 
20 
-55 
-62 
71 
-69 
62 
6 
97 
-74 
41 
70 
60 
-68 
-72 
-89 
-69 
-6 
47 
23 
64 
51 
16 
25 
-7 
-67 
36 
2 
97 
-19 
77 
59 
-20 
-22 
69 
-80 
64 
3 
-46 
-43 
81 
-17 
87 
69 
-25 
-94 
-98 
60 
-35 
73 
-70 
-1 
23 
-55 
-58 
-53 
-76 
4 
-41 
61 
15 
11 
-11 
77 
73 
-67 
-66 
8 
8 
-45 
-90 
-14 
-39 
-72 
92 
55 
40 
76 
-88 
0 
59 
-12 
-57 
-58 
-80 
49 
48 
91 
96 
6 
-10 
54 
-55 
65 
-79 
38 
39 
-48 
77 
-73 
-10 
-57 
-83 
6 
-26 
13 
6 
-1 
76 
-27 
75 
-41 
58 
-27 
58 
45 
-10 
37 
2 
15 
-7 
-31 
-54 
1 
91 
47 
-98 
-95 
-78 
-32 
90 
12 
-37 
-25 
-44 
-90 
65 
44 
-33 
-79 
5 
5 
-99 
-75 
-84 
-13 
-98 
15 
-19 
42 
92 
66 
-60 
-55 
50 
-65 
-49 
1 
-97 
83 
-97 
19 
-21 
-55 
-13 
-19 
14 
-38 
-90 
-76 
66 
42 
-85 
-98 
-32 
-87 
89 
-5 
-97 
-40 
-80 
-13 
-40 
96 
-91 
0 
10 
-3 
28 
11 
-52 
-96 
-72 
58 
-88 
98 
8 
-83 
-42 
-60 
-78 
-47 
88 
45 
-83 
0 
15 
-61 
-52 
-63 
-98 
95 
45 
-85 
51 
-82 
73 
-16 
-86 
98 
-66 
34 
-52 
-71 
-71 
-44 
92 
75 
49 
-83 
-1 
-23 
-21 
19 
-17 
40 
-56 
71 
11 
-52 
-91 
-97 
-48 
-31 
-63 
79 
71 
-89 
76 
-89 
-54 
80 
31 
87 
74 
94 
31 
-79 
53 
-17 
20 
73 
15 
-11 
-50 
-1 
95 
-82 
-6 
59 
-98 
95 
70 
0 
27 
-71 
19 
91 
-21 
-16 
67 
33 
16 
3 
42 
-32 
22 
51 
94 
-94 
-2 
-69 
89 
-73 
-44 
52 
-71 
-17 
68 
-31 
-95 
28 
91 
67 
-55 
-76 
-4 
-72 
-22 
-56 
66 
-31 
-78 
61 
-10 
-1 
-20 
4 
-98 
89 
-8 
-26 
-22 
55 
98 
79 
94 
76 
12 
42 
-32 
13 
61 
35 
1 
91 
27 
-24 
-87 
91 
-93 
88 
-16 
-50 
-31 
-66 
59 
72 
-96 
57 
0 
75 
-95 
88 
94 
-90 
78 
97 
-60 
36 
53 
-3 
74 
-59 
-35 
92 
34 
-99 
17 
43 
-15 
-77 
-33 
-10 
1 
41 
22 
-85 
-81 
-24 
-39 
-43 
-78 
-29 
63 
0 
-81 
91 
14 
53 
11 
-35 
1 
-61 
-83 
37 
-35 
22 
-39 
35 
49 
-6 
83 
-95 
-92 
-24 
-34 
-72 
3 
41 
25 
61 
31 
-35 
22 
7 
14 
62 
-50 
-67 
30 
-70 
-86 
9 
87 
-38 
48 
-63 
-17 
77 
36 
21 
-50 
92 
18 
-46 
16 
-70 
-30 
-12 
-56 
54 
36 
