-19 
-39 
-94 
-34 
54 
-41 
-35 
-25 
72 
45 
-43 
-72 
-66 
-55 
-28 
60 
51 
-4 
-1 
-9 
-22 
-20 
71 
56 
-71 
-17 
14 
47 
-21 
-35 
-26 
45 
73 
19 
3 
-61 
-99 
-70 
93 
53 
-38 
-93 
-14 
75 
40 
-36 
-97 
35 
-92 
20 
-21 
-68 
-59 
-45 
-36 
96 
28 
-29 
-39 
76 
89 
18 
-22 
-49 
-88 
18 
93 
68 
-32 
-4 
33 
42 
90 
6 
-6 
64 
-83 
23 
-87 
-69 
-17 
-84 
-41 
-44 
-48 
76 
21 
93 
-5 
44 
-95 
82 
-40 
-39 
-11 
-81 
-11 
-7 
-35 
64 
-92 
12 
-80 
-68 
94 
32 
34 
-49 
31 
-51 
-42 
-87 
19 
55 
-22 
19 
-37 
-26 
75 
81 
40 
-85 
-84 
81 
-22 
-79 
40 
86 
8 
-41 
66 
0 
34 
80 
-64 
-2 
-37 
-6 
-88 
34 
96 
-1 
-33 
-46 
-41 
81 
33 
86 
36 
22 
-3 
-99 
-38 
-36 
-2 
-80 
15 
48 
-52 
31 
35 
-22 
-48 
86 
-42 
68 
29 
-56 
-61 
64 
-32 
-4 
-20 
-92 
39 
1 
72 
72 
44 
-96 
-42 
-78 
18 
-53 
94 
-61 
-37 
-23 
63 
92 
16 
15 
28 
-41 
0 
-91 
99 
20 
67 
-31 
3 
-88 
77 
-25 
15 
-44 
53 
-65 
-34 
14 
67 
22 
34 
-68 
-50 
31 
0 
-34 
71 
-63 
12 
86 
82 
-91 
-85 
49 
-92 
26 
-9 
-28 
39 
51 
89 
55 
-66 
-9 
2 
-2 
22 
93 
-21 
-38 
-52 
80 
73 
-55 
88 
-69 
-43 
-56 
70 
-55 
-4 
-12 
-4 
49 
-51 
80 
82 
-86 
22 
20 
38 
-52 
40 
38 
31 
-81 
94 
45 
-53 
89 
79 
-58 
60 
-20 
-78 
-29 
23 
-48 
29 
71 
-42 
76 
74 
-17 
-88 
-60 
-49 
16 
-82 
-33 
-38 
35 
18 
71 
21 
-35 
-78 
-92 
1 
15 
72 
96 
11 
99 
-92 
3 
-75 
97 
-73 
-80 
52 
-42 
72 
-53 
-73 
-96 
80 
9 
48 
-35 
-18 
85 
-84 
-9 
-99 
51 
13 
-43 
79 
-61 
-51 
-15 
25 
-16 
86 
82 
5 
-67 
-3 
79 
91 
15 
22 
66 
2 
-72 
13 
23 
69 
26 
14 
-62 
-39 
67 
-22 
69 
-6 
-55 
64 
20 
-13 
60 
19 
-51 
-85 
38 
-38 
89 
-84 
-16 
-31 
-92 
74 
89 
-22 
33 
84 
68 
-21 
-5 
-7 
80 
75 
87 
40 
-5 
67 
28 
-69 
-28 
43 
-19 
69 
42 
-52 
88 
-70 
-23 
-7 
-6 
9 
-12 
-55 
60 
-45 
-51 
64 
-66 
57 
35 
-17 
60 
-57 
-80 
-62 
-34 
53 
-33 
15 
-29 
-65 
24 
-66 
-67 
1 
-19 
-99 
65 
98 
-79 
-89 
77 
21 
-72 
-59 
87 
21 
37 
-66 
91 
-40 
-64 
92 
86 
22 
20 
98 
88 
93 
-61 
-9 
87 
67 
-30 
-1 
36 
30 
-75 
-62 
70 
65 
41 
-72 
-53 
-20 
44 
75 
29 
62 
-54 
-93 
21 
-48 
-82 
-49 
85 
-46 
-93 
-65 
47 
98 
-29 
79 
47 
-24 
-74 
-89 
29 
-46 
71 
-73 
-55 
-30 
55 
96 
49 
63 
-94 
-74 
32 
76 
-5 
78 
-9 
76 
23 
-72 
-46 
-44 
-34 
28 
-31 
-65 
-70 
43 
-48 
20 
90 
52 
-9 
-52 
96 
4 
76 
1 
-44 
83 
64 
22 
73 
26 
-28 
-34 
96 
64 
39 
60 
78 
-74 
-75 
-40 
41 
35 
-88 
92 
0 
-58 
-39 
0 
80 
-68 
96 
44 
34 
-24 
96 
-83 
11 
-95 
66 
-43 
-38 
21 
16 
-38 
-60 
-73 
-81 
19 
-28 
79 
-96 
28 
9 
-68 
60 
47 
15 
-29 
-25 
-15 
77 
-28 
16 
97 
5 
92 
52 
83 
-6 
28 
13 
-79 
-33 
88 
60 
36 
-91 
-75 
24 
34 
-32 
80 
76 
-77 
56 
-86 
0 
43 
9 
-73 
91 
-63 
89 
13 
97 
87 
84 
93 
44 
67 
66 
-52 
-7 
-35 
52 
-56 
83 
4 
54 
-54 
65 
-16 
-57 
75 
36 
71 
31 
-48 
-70 
-57 
94 
-2 
87 
-93 
63 
92 
-39 
18 
-45 
-43 
-25 
11 
61 
-4 
74 
-57 
-26 
-24 
37 
-15 
-64 
82 
11 
21 
-83 
-64 
-92 
-94 
-90 
63 
96 
6 
13 
-54 
39 
79 
73 
2 
52 
38 
-46 
-87 
-93 
72 
27 
5 
98 
22 
-73 
-5 
-67 
91 
63 
-30 
-32 
23 
72 
88 
72 
2 
62 
76 
76 
26 
98 
27 
52 
52 
-82 
-87 
-4 
96 
-71 
-98 
-93 
18 
-21 
60 
1 
-27 
44 
-20 
1 
79 
86 
71 
86 
-13 
-25 
28 
36 
62 
70 
-62 
-44 
-12 
-71 
3 
-85 
78 
-33 
-38 
-46 
-94 
-31 
32 
45 
86 
15 
-26 
68 
-29 
1 
-9 
91 
98 
-11 
-71 
-25 
-25 
-19 
65 
59 
79 
16 
-71 
96 
48 
87 
76 
-54 
11 
44 
63 
49 
-9 
-34 
6 
-72 
-32 
-9 
-93 
69 
24 
37 
51 
52 
-63 
-30 
41 
91 
40 
10 
70 
76 
14 
25 
-73 
91 
72 
-50 
36 
-85 
-75 
14 
0 
-53 
-57 
-28 
-70 
79 
-12 
-18 
-67 
92 
-90 
-40 
61 
52 
34 
-73 
-26 
-1 
-14 
15 
-77 
16 
64 
33 
-64 
-96 
-38 
7 
46 
-34 
-33 
-13 
44 
-21 
29 
-20 
86 
32 
67 
81 
72 
-18 
32 
-24 
-15 
-41 
-48 
-66 
-80 
65 
77 
46 
-39 
-38 
-15 
-73 
-79 
52 
-22 
67 
-32 
98 
80 
56 
-38 
8 
36 
-89 
-58 
68 
-90 
-90 
99 
66 
-11 
-40 
6 
-47 
60 
-8 
55 
3 
-25 
82 
41 
30 
87 
-59 
-47 
55 
-16 
-59 
-85 
93 
-2 
-15 
-38 
48 
-86 
-22 
7 
-24 
46 
-54 
22 
-25 
82 
-60 
-91 
-14 
-40 
74 
-71 
-60 
78 
23 
-30 
9 
-62 
-11 
40 
-45 
-43 
62 
-82 
-94 
-15 
22 
8 
-5 
-10 
-20 
-30 
-2 
65 
-75 
83 
-71 
94 
0 
92 
83 
-78 
-63 
-68 
-92 
63 
-39 
55 
23 
22 
-44 
14 
-81 
28 
8 
14 
-62 
-72 
16 
71 
-33 
-1 
88 
-54 
21 
35 
72 
-10 
-33 
57 
-82 
47 
-24 
-57 
-36 
23 
93 
-10 
-11 
67 
8 
71 
78 
44 
88 
36 
-47 
-63 
6 
64 
84 
